1
67.8834 -231.477 2394.97
76.5851 -388.054 2363.88
83.5273 -515.476 2356.76
96.0221 -709.353 2367.02
123.78 -675.427 2369.81
248.065 -658.408 2343.86
379.439 -453.315 2299.14
360.62 -418.197 2095.16
336.499 -435.143 2014.06
312.104 -433.238 1920.37
275.866 -477.967 2075.58
64.0068 -679.118 2362.72
-45.1186 -691.212 2319.9
-152.983 -535.878 2152.86
-99.0751 -463.307 1962.8
-133.05 -389.098 1918.4
-82.6201 -348.417 1848.69
-74.0605 -375.935 1916.79
149.471 -227.066 2395.6
206.546 126.068 2368.46
226.634 445.878 2490.38
263.106 565.965 2378.88
-5.68768 -235.453 2394.41
-94.2271 109.503 2354.58
-158.501 433.83 2458.08
-172.802 549.071 2356.24
102.107 -781.848 2358.92
103.537 -834.624 2224.95
132.709 -857.391 2258.81
184.993 -825.758 2354.57
86.1947 -862.826 2257.41
39.008 -852.171 2364.39
1
68.422 -226.776 2395.52
76.5055 -385.833 2364.8
83.1363 -515.177 2358.45
94.3163 -711.754 2372.31
122.729 -677.501 2374.6
251.277 -667.528 2358.26
393.395 -468.613 2300.33
383.54 -469.812 2089.7
335.299 -474.432 2016.79
288.2 -477.161 1930.63
288.56 -521.768 2141.43
62.0751 -680.918 2367.34
-49.4317 -699.735 2328.51
-166.545 -543.435 2163.03
-112.423 -471.389 1969.44
-134.245 -447.132 1881
-72.8243 -384.011 1841.41
-63.4893 -431.214 1857.12
151.21 -222.519 2395.27
210.276 136.12 2376.31
230.659 461.04 2498.8
262.434 561.944 2365.32
-6.23193 -230.615 2395.75
-97.6421 119.249 2358
-156.523 450.227 2460.65
-175.521 553.174 2344.04
99.9553 -785.48 2365.38
101.66 -839.045 2229.47
129.638 -863.353 2264.34
182.189 -833.489 2362.47
82.2918 -866.899 2262.05
32.9354 -854.101 2369.71
1
67.5014 -225.454 2395.83
75.4688 -385.714 2364.71
81.9762 -516.069 2358.43
91.7557 -714.128 2373.9
120.58 -679.782 2376.36
246.355 -674.873 2340.17
368.042 -514.633 2186.51
358.981 -492.901 1975.33
282.552 -465.134 1941.12
205.465 -448.441 1881.3
298.637 -502.204 2078.81
59.5402 -682.881 2368.24
-51.0666 -704.289 2325.53
-165.654 -559.398 2145.47
-104.267 -490.204 1951.19
-125.205 -465.592 1861.86
-72.9711 -396.665 1817.26
-60.8147 -434.559 1845.19
150.934 -221.283 2395.71
210.028 140.26 2377.96
230.938 468.698 2498.6
261.236 566.9 2361.14
-7.73373 -229.215 2395.93
-99.5458 123.51 2358.69
-158.65 457.201 2461.75
-181.118 556.007 2340.63
97.0432 -788.504 2367.5
100.138 -845.115 2231.64
128.914 -868.211 2267.25
181.078 -834.875 2365.52
81.3063 -873.003 2265.02
31.2295 -859.198 2373.24
1
65.1334 -222.374 2393.51
70.6288 -383.496 2365.84
75.4275 -513.93 2357.83
86.1987 -712.065 2373.61
115.299 -677.889 2371.44
240.024 -678.825 2331.17
357.678 -550.608 2147.02
360.372 -522.237 1936.29
301.494 -492.491 1877.61
257.761 -449.936 1799.56
253.395 -515.734 1980.43
53.6662 -680.606 2372.48
-58.2097 -713.511 2341.83
-136.797 -604.192 2121.56
-92.2417 -547.577 1918.62
-132.086 -490.287 1854.07
-46.612 -462.761 1816.4
-79.3026 -473.919 1821.99
148.648 -219.177 2391.48
211.253 142.38 2382.4
230.273 472.742 2498.8
262.144 564.096 2356.88
-10.1755 -225.257 2395.34
-100.332 128.517 2361.41
-159.519 464.005 2459.38
-180.813 557.252 2333.58
90.0316 -786.588 2367.21
98.4194 -842.574 2231.19
127.104 -864.829 2267.46
175.693 -830.088 2367.17
79.7213 -871.24 2264.04
26.5059 -859.564 2371.1
1
64.784 -222.221 2395.33
68.6998 -383.689 2365.41
72.1445 -514.523 2354.67
77.9564 -712.995 2377.75
107.988 -679.379 2375.58
235.322 -685.543 2342.84
342.114 -582.586 2136.13
362.073 -545.673 1926.74
306.276 -524.787 1861.08
261.428 -481.206 1783.71
253.749 -519.469 1898.3
46.058 -680.799 2374.21
-68.2406 -698.555 2338.41
-127.453 -607.376 2103.06
-114.055 -567.071 1891.02
-119.38 -499.603 1823.69
-31.5823 -482.381 1784.22
-65.7796 -497.53 1806.17
148.687 -219.873 2393.64
212.217 143.059 2383.23
230.285 474.684 2500.66
261.737 562.172 2355.37
-10.8753 -224.338 2396.85
-102.092 130.528 2360.5
-158.913 467.282 2460.92
-180.418 555.406 2330.7
80.4172 -788.075 2374.06
102.968 -844.329 2239.09
129.234 -865.491 2278.05
167.651 -828.535 2381.89
82.4122 -873.7 2270.46
19.2629 -863.665 2372.75
1
64.3378 -222.517 2395.23
68.0554 -384.142 2365.49
71.3584 -515.119 2355.28
76.1205 -713.556 2380.09
106.36 -680.114 2377.49
233.34 -689.783 2343.85
340.879 -596.355 2132.81
358.377 -566.445 1921.93
304.857 -548.381 1853.51
263.203 -508.729 1772.24
255.254 -549.464 1856.56
44.3717 -681.18 2376.42
-69.9273 -702.599 2342.36
-129.592 -631.329 2100.15
-107.447 -608.663 1886.07
-119.982 -538.395 1822.58
-38.4468 -498.516 1785.99
-69.9464 -523.691 1813.9
148.304 -220.263 2393.48
211.999 142.903 2382.71
229.97 474.506 2500.98
261.844 563.883 2356.79
-11.3779 -224.55 2396.82
-102.137 130.63 2359.67
-158.759 468.031 2458.94
-179.899 556.754 2328.93
78.1254 -788.734 2377.05
98.0219 -845.631 2241.81
124.691 -866.969 2280.45
165.116 -830.094 2383.65
77.6412 -874.724 2273.6
16.1447 -863.751 2376.91
1
65.0475 -224.021 2396.63
67.7675 -386.585 2367.02
70.1238 -518.336 2357.48
74.6354 -718.064 2380.56
105.017 -684.35 2379.24
231.815 -696.456 2343.04
327.274 -620.234 2118.08
341.349 -591.824 1905.59
293.983 -562.407 1835.97
250.531 -505.355 1766.14
245.107 -562.825 1853.49
42.7657 -685.552 2376.19
-67.4125 -706.088 2328.45
-108.501 -653.567 2076.3
-94.0296 -619.828 1861.85
-85.2348 -541.151 1807.47
-21.594 -491.088 1751.59
-72.3523 -537.761 1781.19
149.491 -222.447 2395.74
211.425 142.916 2381.8
230.036 474.83 2504.64
262.228 565.121 2359.99
-11.0993 -225.441 2397.43
-103.887 130.988 2357.77
-160.437 470.022 2458.36
-179.156 558.274 2326.63
76.9411 -793.604 2376.81
105.401 -848.163 2241.27
129.527 -870.576 2281.32
163.561 -835.89 2388.22
82.7309 -877.918 2271.23
14.3708 -868.589 2371.08
1
64.3968 -222.65 2395.63
66.8702 -384.679 2365.61
69.0118 -516.048 2355.79
71.7193 -715.124 2379.94
102.354 -681.842 2377.95
227.734 -695.375 2338.78
321.988 -630.899 2110.47
342.471 -604.44 1898.85
303.405 -579.444 1822.94
264.421 -526.62 1747.76
257.96 -599.223 1813.28
40.2253 -682.384 2375.87
-71.3903 -700.692 2331.54
-117.147 -670.404 2077.29
-102.707 -656.338 1861.26
-56.2193 -606.03 1794.32
-27.5664 -534.972 1733.03
-61.3957 -598.343 1781.1
148.611 -221.218 2394.84
210.376 143.156 2381.46
229.618 475.07 2501.35
262.103 564.515 2356.8
-11.5429 -223.941 2396.34
-104.293 131.668 2358.83
-162.275 469.898 2457.78
-178.371 557.626 2325.88
73.1504 -790.496 2376.61
89.6209 -841.572 2238.21
117.787 -864.203 2275.19
161.017 -831.042 2378.85
70.5247 -872.311 2269.43
11.9424 -866.452 2375.18
1
63.7409 -222.307 2395.37
66.6272 -384.113 2364.75
69.0315 -515.332 2354.13
72.9636 -714.309 2377.89
103.334 -680.794 2376.49
225.284 -693.139 2327.58
301.233 -642.942 2089.27
286.306 -626.464 1876.3
278.64 -577.763 1802.33
266.889 -503.959 1736.25
223.829 -588.929 1795.52
41.2946 -681.839 2373.36
-66.1509 -704.996 2321.79
-101.953 -684.368 2065.15
-83.8286 -672.721 1849.39
-51.62 -609.656 1785
-37.2722 -533.02 1725.54
-61.3339 -606.847 1764.44
147.903 -220.735 2394.99
209.727 143.463 2383.6
229.253 474.975 2503.92
261.675 565.021 2359.86
-12.1519 -223.725 2395.71
-103.132 132.006 2357.29
-160.475 469.187 2459.34
-179.492 557.522 2328.37
75.0684 -789.612 2374.43
102.419 -840.763 2237.89
127 -863.833 2277.05
161.767 -831.44 2384.01
80.3104 -871.224 2267.3
13.1235 -864.599 2367.66
1
61.986 -223.095 2394.63
64.5742 -384.945 2363.79
66.7512 -516.23 2353.13
71.423 -715.129 2378.2
101.692 -681.507 2376.49
223.737 -693.15 2327.47
305.038 -652.536 2088.96
305.299 -638.62 1875.18
279.788 -596.04 1801.39
247.148 -527.784 1736.3
226 -619.79 1804.06
39.6164 -682.779 2373.56
-67.3819 -709.711 2322.76
-103.167 -704.63 2065.21
-78.6505 -703.335 1849.67
-49.8252 -646.588 1778.12
-17.1988 -585.883 1708.3
-53.2585 -643.367 1762.52
146.192 -221.662 2394.18
209.53 142.452 2382.56
230.225 474.222 2502.46
261.941 565.325 2358.81
-13.9459 -224.388 2395.04
-104.701 131.731 2357.97
-162.561 469.219 2459.33
-179.354 558.046 2328.28
73.7687 -790.483 2375.23
100.428 -849.431 2241.66
123.307 -871.781 2282.27
158.188 -836.015 2388.17
76.423 -877.343 2272.12
8.24649 -862.625 2371.02
1
59.4122 -220.335 2394.73
63.1069 -380.524 2362.94
66.0196 -510.566 2351.3
75.2208 -708.278 2369.81
104.388 -674.168 2369.83
223.677 -686.491 2317.38
299.623 -678.018 2076.17
255.055 -711.43 1871.23
249.598 -638.303 1822.28
241.985 -560.223 1761.99
216.681 -637.268 1796.62
42.9743 -676.873 2365.59
-55.9243 -700.701 2301.16
-101.319 -709.048 2047.51
-59.7572 -726.838 1837.26
-40.4398 -654.509 1778.88
16.2562 -609.002 1714.29
-25.1588 -654.39 1755.28
142.88 -218.511 2395.24
209.662 141.646 2381.3
229.823 471.028 2498.88
262.041 565.982 2359.71
-15.8545 -221.979 2394.27
-105.067 131.104 2356.17
-164.736 464.247 2459.97
-181.26 556.458 2332.96
79.5265 -782.759 2364.49
107.072 -845.108 2234.1
118.436 -872.443 2275.93
147.32 -847.315 2385.51
73.6492 -866.199 2260.22
0.0542309 -835.91 2349.99
1
58.8248 -219.331 2396.31
61.9244 -380.22 2364.23
64.2934 -510.792 2351.85
70.5548 -709.774 2367.31
100.273 -675.902 2368.64
220.157 -688.078 2316.05
288.026 -688.286 2071.11
265.627 -703.89 1859.55
263.147 -621.165 1828.02
267.069 -543.202 1766.51
216.264 -635.93 1792.88
38.6822 -677.743 2362.79
-56.3033 -698.184 2290.75
-88.3286 -731.87 2035.99
-26.0834 -754.365 1830.36
-6.44404 -678.249 1776.38
35.5449 -611.43 1718.8
13.1341 -671.893 1795.45
142.671 -217.895 2397.21
210.448 143.588 2379.63
230.169 473.267 2501.07
261.85 565.337 2358.92
-16.7829 -220.626 2395.5
-105.225 133.579 2350.8
-166.157 466.388 2460.21
-180.815 557.531 2331.33
74.0683 -784.54 2360.81
103.995 -850.308 2231.88
125.512 -870.485 2274.07
157.48 -829.482 2378.44
79.0964 -876.357 2262.96
8.56235 -856.227 2358.57
1
53.9251 -213.918 2397.08
58.4281 -373.964 2362.44
62.0321 -504.472 2352.15
70.2613 -703.606 2356.45
99.5638 -669.62 2359.9
217.882 -701.483 2312.84
290.093 -716.633 2070.06
258.717 -709.286 1859.54
272.833 -626.737 1831.19
271.705 -549.424 1769.01
209.772 -631.466 1790.4
38.1394 -671.748 2353.51
-52.6776 -704.986 2281.19
-82.7389 -736.202 2026.31
-15.3737 -735.346 1821.44
-11.4156 -666.491 1755.81
33.268 -626.302 1679.01
24.2086 -661.468 1773.01
137.618 -211.632 2397.4
209.643 148.374 2379.12
231.072 475.691 2504.9
261.911 564.621 2360.92
-21.5446 -215.98 2396.8
-104.708 138.772 2351.3
-166.921 469.435 2464.52
-179.606 555.874 2332.55
74.5977 -777.726 2345.8
97.8317 -866.954 2230.61
115.428 -882.603 2276.3
150.483 -829.77 2373.92
68.9687 -883.992 2264.28
0.000683591 -839.36 2352.17
1
54.483 -213.53 2395.83
58.8926 -373.283 2361.41
62.3577 -503.539 2351.3
70.4022 -702.262 2355.93
99.6521 -668.362 2359.47
218.239 -703.799 2316.57
296.502 -746.304 2079.53
204.304 -773.478 1889.98
229.969 -700.519 1847.5
253.268 -612.429 1808.76
233.587 -690.759 1800.08
38.3846 -670.451 2352.79
-52.2505 -708.253 2282.95
-83.5723 -745.992 2029.64
-10.2299 -752.065 1827.39
-10.1151 -695.51 1751.05
23.6716 -663.875 1665.44
20.1202 -688.182 1757.22
138.005 -211.355 2396.43
209.749 148.017 2379.83
230.677 476.111 2501.59
261.684 563.802 2357.31
-20.8327 -215.491 2395.28
-104.51 138.67 2352.27
-166.633 468.662 2465.21
-180.695 554.952 2333.67
74.7274 -776.249 2345.44
102.078 -866.721 2232.54
118.483 -881.486 2278.84
150.139 -826.979 2376.41
72.4965 -883.529 2265.55
0.750234 -838.428 2350.6
1
54.5013 -213.652 2395.25
59.1975 -373.444 2363.8
62.9204 -503.093 2351.87
69.1597 -701.261 2351.86
98.6097 -667.83 2356.19
217.737 -704.692 2317.55
301.426 -769.763 2088.54
197.959 -827.406 1912.94
212.818 -753.803 1867.17
223.685 -663.658 1828.53
229.604 -735.583 1830.87
37.538 -669.207 2349.46
-56.6642 -700.396 2281.8
-105.895 -747.445 2033.85
-24.294 -810.398 1845.74
-60.4391 -745.126 1787.45
-7.70556 -763.496 1708.14
-22.8805 -751.429 1746.47
137.736 -211.311 2395.78
209.588 146.765 2379.07
230.611 473.054 2502.25
262.092 565.853 2362.01
-20.5552 -215.762 2394.76
-104.661 137.533 2356.28
-166.596 470.561 2455.86
-179.503 557.247 2325.11
72.8161 -774.768 2339.69
101.839 -873.011 2234.62
117.886 -884.016 2281.88
148.098 -822.156 2374.96
72.1968 -887.463 2268.45
-0.444489 -836.814 2348.92
1
54.2025 -213.439 2396.18
58.7713 -373.511 2365.65
62.4517 -503.335 2354.81
67.5488 -701.652 2355.82
97.3062 -668.352 2359.22
214.225 -712.691 2321.45
314.243 -769.044 2096.54
274.73 -815.14 1893.48
295.907 -737.396 1858.13
304.516 -640.983 1838.66
264.968 -740.885 1810.73
36.0442 -669.407 2354
-62.2985 -700.851 2292.51
-129.126 -748.848 2048.73
-68.1476 -812.86 1853.16
-92.2728 -750.266 1786.26
-26.0479 -810.94 1749.49
-28.3218 -772.073 1756.74
137.489 -211.09 2396.33
209.466 147.136 2378.62
230.342 473.821 2501.36
261.989 564.729 2359.8
-20.9003 -215.557 2396.04
-105.148 137.68 2355.32
-166.136 469.983 2458.59
-180.289 557.039 2328.1
70.4833 -775.292 2343.98
104.956 -874.564 2241.43
112.786 -887.759 2290.22
134.908 -830.447 2388.43
69.4088 -886.457 2270.24
-9.03028 -829.888 2340.82
1
54.1776 -212.922 2395.89
58.7045 -372.992 2365.46
62.3581 -502.83 2355
67.0167 -701.118 2357.34
96.8505 -667.867 2360.46
213.307 -713.341 2322.67
309.377 -779 2098.61
264.117 -830.252 1898.03
286.159 -757.193 1854.26
299.814 -666.185 1818.52
247.697 -760.176 1815.81
35.5845 -668.821 2355.37
-62.8275 -700.761 2294.28
-129.205 -752.852 2051.25
-66.5474 -820.091 1857.34
-88.5593 -760.955 1786.69
-23.6935 -822.09 1748.33
-24.4518 -790.6 1755.81
137.453 -210.588 2396
209.561 147.566 2378.42
230.328 474.137 2501.35
262.291 565.241 2360.01
-20.915 -215.028 2395.79
-105.326 138.107 2354.99
-166.146 470.203 2458.85
-180.65 558.135 2329.02
69.7637 -774.833 2346
99.3045 -873.192 2241.09
108.125 -887.318 2289.44
134.093 -832.059 2387.87
64.281 -884.759 2270.65
-10.9841 -827.624 2344.14
1
54.7649 -212.067 2393.34
59.2059 -371.38 2363.96
62.974 -500.241 2351.08
71.1868 -697.266 2353.65
100.438 -663.699 2353.79
219.059 -698.91 2314.4
310.748 -776.85 2094.11
284.397 -859.07 1901.93
280.429 -785.262 1855.15
257.779 -738.883 1771.67
246.571 -770.185 1835.7
39.345 -665.693 2354.57
-67.8094 -702.398 2316.6
-135.743 -758.22 2076.42
-71.9152 -818.9 1882.09
-83.5855 -792.144 1792.55
-17.5458 -835.334 1737.04
-25.2324 -816.276 1779.11
137.542 -209.513 2392
209.318 146.758 2379.22
230.562 471.79 2500.41
262.112 565.336 2361.8
-19.8787 -214.371 2394.55
-104.836 136.526 2354.38
-165.538 467.81 2453.9
-180.334 559.762 2328.05
74.0859 -770.557 2342.43
85.8265 -864.838 2231.62
97.8464 -881.934 2277.97
136.875 -834.147 2375.2
53.0596 -875.171 2263.69
-9.94937 -816.696 2346
1
50.8729 -211.86 2393.34
54.522 -370.648 2363.55
57.9337 -499.078 2349.98
67.4365 -695.46 2354.03
96.3838 -661.799 2353.68
217.396 -689.21 2316.65
326.185 -759.606 2102.49
286.269 -873.261 1930.37
282.328 -808.692 1871.86
229.716 -770.562 1798.67
240.654 -783.844 1877.16
35.4865 -664.178 2354.94
-71.5342 -704.104 2321.14
-134.561 -753.705 2079.04
-62.4214 -825.003 1892.02
-83.4931 -836.215 1801.19
-11.9232 -839.099 1736.97
-11.3574 -824.112 1787.72
133.346 -209.288 2389.73
206.434 145.823 2382.8
231.483 471.244 2499.3
261.718 565.502 2361.48
-23.4969 -214.179 2396.59
-107.135 135.384 2351.63
-160.834 464.447 2458.74
-179.238 555.511 2333.27
70.7221 -768.609 2343.39
94.9423 -855.123 2228.88
105.4 -874.023 2274.74
135.479 -829.695 2376.31
61.2695 -869.32 2258.22
-9.87582 -819.982 2339.39
1
49.8074 -211.576 2395.68
53.2484 -370.177 2363.71
56.4345 -498.636 2348.69
66.6304 -695.281 2351.56
95.4712 -661.457 2352.48
216.478 -688.209 2314.33
334.852 -745.833 2101.03
283.903 -869.762 1938.83
287.199 -810.579 1874.68
228.087 -785.843 1800.52
239.76 -785.594 1873.38
34.4914 -664.09 2351.6
-70.1753 -703.471 2310.08
-139.923 -770.089 2073.59
-69.5091 -841.455 1885.6
-82.7396 -844.151 1792.53
-5.85134 -842.853 1734.5
-6.1418 -825.622 1792.38
132.425 -209.173 2392.65
205 146.522 2383.72
231.559 472.962 2498.49
261.754 565.621 2359.28
-24.693 -213.743 2398.41
-109.154 135.463 2348.38
-164.269 463.334 2459.95
-175.884 558.547 2336.49
70.5985 -768.434 2340.47
75.8687 -855.941 2224.02
94.133 -874.364 2267.67
140.636 -828.812 2362.46
47.7361 -870.138 2258.8
-9.16392 -820.518 2350.58
1
49.6795 -211.428 2395.45
53.0424 -370.561 2363.45
56.0026 -499.369 2347.76
66.4509 -696.634 2351.21
95.3238 -662.659 2352.49
216.92 -687.157 2313.27
315.338 -728.169 2085.51
269.796 -863.632 1930.19
277.822 -811.24 1860.41
229.991 -796.272 1775.8
236.699 -782.616 1860.16
34.1686 -665.385 2350.71
-69.8071 -702.224 2304.29
-142.376 -759.57 2065.33
-56.7183 -849.804 1891.53
-85.8656 -856.074 1802.01
-5.89558 -861.594 1748.01
-7.46855 -829.297 1796.84
132.607 -209.286 2393.52
206.752 147.192 2381.2
231.743 473.513 2500
261.3 564.512 2358.9
-25.1001 -213.359 2397.2
-109.941 137.395 2350.14
-164.989 468.12 2456.81
-180.158 558.594 2329.58
70.6924 -770.044 2340.29
63.7268 -855.038 2221.5
87.307 -874.173 2262.4
143.987 -829.799 2352.55
39.9796 -870.591 2259.07
-6.77789 -823.981 2358.35
1
49.7264 -210.955 2396.14
53.145 -370.049 2363.97
56.1373 -498.826 2348.07
66.6646 -696.084 2351.31
95.5179 -662.099 2352.7
217.138 -686.582 2313.56
315.261 -728.238 2085.8
268.538 -864.888 1931.89
275.466 -814.137 1860.79
231.979 -799.414 1773.84
234.923 -784.512 1865.01
34.3707 -664.85 2350.76
-69.4302 -701.54 2303.84
-141.461 -759.04 2064.76
-56.4656 -848.878 1890.44
-85.1442 -859.262 1801.16
-2.12256 -867.735 1752.41
-7.80983 -833.181 1794.66
132.653 -208.8 2394.29
207.816 147.479 2382.72
233.098 474.087 2500.63
258.379 565.164 2358.76
-25.0526 -212.897 2397.8
-109.692 137.819 2350.19
-165.233 468.645 2456.25
-180.85 559.655 2329.47
70.9674 -769.477 2340.32
71.8727 -848.777 2217.47
92.8299 -869.824 2258.84
143.483 -829.765 2354.44
45.8059 -866.074 2252.65
-7.35375 -824.178 2350.81
1
49.6472 -210.963 2397.02
53.7865 -370.445 2364.51
57.3422 -499.59 2348.66
65.6439 -697.388 2356.62
94.9298 -663.594 2357.72
216.37 -687.635 2316.57
313.516 -718.844 2085.94
258.116 -860.692 1938.92
292.318 -822.728 1867.43
234.707 -830.434 1787.77
235.837 -803.191 1837.34
33.6214 -665.739 2354.8
-68.8776 -696.36 2300.39
-138.125 -743.332 2057.43
-58.2981 -844.736 1886.29
-88.5159 -862.283 1798.36
-11.545 -889.435 1746.08
-3.96632 -842.253 1795.54
132.808 -208.475 2395.4
209.449 148.372 2379.09
231.9 474.525 2501.71
259.904 565.823 2359.89
-25.3423 -213.207 2398.48
-109.706 138.623 2350.61
-165.287 470.618 2456.35
-180.307 558.047 2326.45
69.3239 -771.267 2347.36
87.658 -839.98 2219.11
100.166 -865.811 2261.37
135.532 -837.191 2367.74
55.0206 -858.561 2247.73
-12.3963 -821.737 2339.36
1
49.1281 -211.392 2397.97
52.9329 -370.855 2364.76
56.234 -499.98 2347.97
63.7995 -697.963 2355.51
93.2427 -664.263 2356.56
214.577 -683.952 2312.58
311.113 -710.433 2080.91
254.472 -854.768 1936.6
295.054 -823.49 1865.13
236.056 -842.755 1788.41
232.484 -812.773 1826.73
31.8715 -666.164 2353.89
-71.6876 -692.622 2299.12
-140.895 -733.251 2054.82
-56.9655 -841.023 1889.44
-74.694 -866.834 1800.08
-8.3592 -902.228 1738.8
0.100553 -850.212 1799.89
132.347 -209.028 2396.15
209.277 147.938 2378.13
232.263 473.997 2501.59
259.685 566.085 2360.03
-25.9136 -213.523 2399.6
-109.353 138.986 2353.18
-165.348 471.421 2458.15
-180.506 558.736 2328.05
67.1532 -771.89 2346.08
58.9825 -839.409 2216.05
82.2902 -864.574 2253.95
139.744 -834.137 2349.74
34.8616 -859.799 2251.19
-11.4519 -826.807 2356.47
1
49.3907 -210.801 2398.38
53.2007 -370.313 2365.88
56.4078 -499.641 2351.36
64.409 -697.55 2357.25
93.6901 -663.793 2359.37
214.853 -684.934 2315.82
318.2 -699.442 2086.2
247.322 -835.677 1940.49
288.271 -815.708 1865.33
238.273 -853.086 1788.98
227.389 -815.192 1825.29
32.4494 -665.85 2355.11
-69.7472 -691.293 2297.52
-142.659 -727.832 2053.81
-61.0729 -825.223 1881.14
-73.3801 -869.421 1798.37
-0.39795 -922.666 1763.21
0.279855 -857.842 1802.09
132.583 -208.644 2397.55
209.4 148.025 2377.54
232.485 473.65 2501.55
258.059 565.713 2359.75
-25.6272 -212.745 2399.13
-109.354 139.582 2353.49
-165.891 471.125 2460.3
-180.604 557.745 2329.8
68.2396 -771.332 2347.23
61.4047 -834.985 2215.28
84.4323 -861.18 2252.61
140.923 -833.446 2349.7
37.0442 -856.446 2249.57
-10.2592 -826.693 2355.3
1
48.941 -210.249 2399.34
52.3379 -370.086 2366.9
55.1914 -499.609 2351.95
61.7486 -697.937 2357.6
91.2897 -664.328 2360.14
213.554 -683.697 2318.16
317.637 -683.879 2087.92
246.739 -817.809 1939.55
282.33 -811.678 1859.25
264.89 -846.983 1768.63
219.413 -820.945 1824.83
29.9827 -665.952 2355.11
-71.8691 -688.337 2295.23
-141.677 -713.783 2048.72
-64.8346 -809.577 1872.54
-73.8225 -869.03 1799.24
-29.4003 -935.919 1744.62
8.54291 -854.118 1810.41
132.29 -208.327 2398.6
209.383 148.852 2376.74
231.569 474.86 2501.69
259.955 565.671 2359.25
-26.2187 -211.982 2400.01
-108.941 140.579 2349.33
-165.858 472.253 2457.63
-178.997 559.438 2327
65.1934 -771.861 2347.48
56.3059 -830.036 2212.85
80.6783 -857.442 2248.55
139.069 -832.846 2345.62
33.0739 -853.409 2246.79
-12.3053 -828.99 2354.94
1
48.8246 -210.849 2401.65
52.7419 -370.751 2369.02
56.2106 -500.296 2353.6
65.7094 -698.695 2356.89
94.8339 -664.67 2359.23
216.922 -678.675 2314.42
312.742 -651.84 2081.97
230.39 -752.809 1914.45
277.586 -805.796 1862.22
260.912 -883.065 1802.83
215.601 -801.614 1814.38
33.4257 -667.127 2355.39
-69.6942 -686.471 2296.46
-140.585 -705.478 2049.5
-68.8045 -802.715 1871.79
-68.4921 -867.848 1802.82
-27.5001 -935.499 1746.36
-6.08132 -856.011 1802.81
132.19 -208.351 2399.41
209.288 149.249 2380.37
231.905 476.648 2502.24
259.709 564.478 2357.69
-26.3495 -213.101 2403.66
-109.128 139.454 2351.24
-165.964 471.428 2459.46
-180.04 557.058 2327.77
70.0075 -772.498 2345.87
61.362 -831.745 2211.58
84.8425 -859.315 2247.8
142.743 -834.966 2345.32
37.3137 -854.37 2245.51
-8.72011 -828.077 2353.03
1
48.7827 -210.618 2401.72
52.6655 -370.471 2369.09
56.105 -499.974 2353.64
65.5017 -698.322 2356.81
94.6341 -664.323 2359.18
216.724 -678.214 2314.45
312.733 -651.348 2082.16
230.624 -752.312 1914.6
277.732 -805.974 1863.02
258.262 -883.776 1805.25
215.583 -803.434 1815.28
33.2433 -666.746 2355.32
-69.9038 -685.695 2296.39
-140.786 -703.278 2049.4
-69.4505 -800.005 1871.31
-69.5411 -865.015 1802.25
-27.4927 -932.682 1746.65
0.188809 -859.857 1808.46
132.124 -208.138 2399.49
209.4 149.317 2380.53
232.072 476.536 2502.59
259.997 564.633 2358.28
-26.37 -212.854 2403.73
-109.008 139.63 2351.36
-165.748 471.549 2459.46
-179.856 557.187 2327.83
69.7638 -772.099 2345.75
61.9717 -831.238 2211.41
85.3842 -858.742 2247.7
142.721 -834.266 2345.48
37.8615 -853.98 2245.19
-8.75712 -827.973 2352.5
1
47.7477 -209.867 2403.5
51.7651 -370.202 2371.7
55.3311 -499.97 2356.39
62.7373 -698.806 2357.24
92.3327 -665.069 2359.21
213.147 -672.359 2309.06
301.494 -632.819 2075.01
238.116 -722.24 1892.88
271.288 -801.44 1872.5
264.758 -892.983 1835.29
224.062 -813.899 1818.37
30.7235 -666.826 2356.92
-74.4877 -681.147 2299.89
-148.279 -681.999 2052.6
-80.5016 -773.877 1870.12
-73.0721 -849.327 1812.83
-15.6655 -914.625 1769.06
-13.1567 -878.37 1839.07
131.237 -207.276 2400.99
210.998 150.182 2379.05
232.798 476.727 2504.93
259.567 564.143 2359.6
-27.5385 -212.204 2405.77
-109.282 140.302 2347.58
-165.7 471.087 2461.39
-180.648 557.246 2329.83
65.9451 -772.64 2345.28
53.7618 -836.354 2213.06
79.5553 -862.119 2249.15
140.622 -833.001 2343.61
31.7652 -858.659 2248.66
-10.7972 -830.383 2357.32
1
47.0671 -208.601 2405.08
51.731 -368.395 2374.39
55.6725 -497.489 2358.42
62.4863 -695.393 2353.08
92.033 -661.972 2356.26
213.12 -671.383 2308.69
307.317 -631.253 2078.27
252.852 -695.57 1884.15
262.404 -782.795 1879.68
254.921 -878.606 1857.66
213.299 -787.181 1814.94
30.7061 -663.466 2353.58
-74.196 -676.759 2296.86
-148.881 -674.96 2051.04
-77.3855 -763.125 1869.27
-71.7722 -843.91 1820.36
-31.7656 -923.785 1782.8
-20.1979 -823.714 1811.58
130.203 -205.86 2403.45
210.744 149.455 2377.13
230.911 475.103 2501.28
260.336 565.703 2359.34
-27.9003 -211.072 2406.56
-112.029 139.073 2347.72
-166.802 468.633 2461
-180.485 558.326 2332.55
65.5411 -768.498 2338.88
53.8588 -836.893 2209.72
78.5396 -861.587 2246.99
138.671 -830.063 2340.64
31.0514 -857.227 2245.7
-12.16 -823.943 2352.08
1
47.4002 -214.815 2408.79
52.3127 -377.078 2376.95
56.6629 -508.403 2361.93
62.8702 -709.533 2367.95
93.0533 -675.561 2368.73
213.644 -674.272 2313.7
305.512 -630.386 2078.55
261.647 -684.753 1875.15
260.292 -774.032 1874.94
257.432 -873.907 1867.45
208.564 -772.485 1803.88
30.6873 -676.979 2367.14
-75.2346 -681.356 2306.87
-153.416 -659.616 2058.71
-88.7614 -745.215 1869.17
-61.2727 -828.085 1828.92
-35.4043 -911.177 1782.81
-13.3564 -803.219 1814.61
131.841 -211.681 2405.85
212.645 149.359 2375.44
231.885 478.655 2506.04
259.633 563.792 2357.18
-28.7441 -217.64 2411.45
-112.724 137.831 2347.45
-165.172 472.87 2463.74
-180.9 557.273 2328.93
65.4987 -784.545 2357.77
53.5772 -829.913 2216.34
79.3594 -860.898 2249.04
140.776 -845.204 2348.03
31.0274 -857.103 2248.8
-12.4807 -843.673 2361.44
1
47.9383 -210.885 2409.25
52.5584 -370.983 2377.08
56.5273 -500.434 2360.26
62.0297 -699.14 2357.65
91.9547 -665.747 2359.6
212.356 -668.941 2308.33
308.068 -627.718 2077.75
264.26 -678.074 1876.13
258.759 -765.917 1881.42
264.047 -864.204 1891.49
205.441 -767.507 1812.53
30.3531 -666.891 2358.49
-76.5198 -673.292 2303.36
-152.947 -652.044 2058.04
-86.5471 -732.186 1869.83
-74.6379 -813.564 1822.41
-52.8443 -887.785 1763.46
-12.6195 -800.793 1796.52
131.357 -208.052 2407.13
211.46 148.298 2375.86
231.387 475.868 2498.48
259.446 567.902 2356.46
-27.2839 -213.439 2411.16
-113.146 136.711 2347.02
-164.645 468.014 2460.68
-181.255 558.707 2332.58
64.2901 -772.722 2344.4
63.9008 -833.316 2210.32
85.4853 -860.369 2248.12
137.49 -834.61 2348.66
38.0955 -855.851 2243.04
-14.3269 -828.95 2347.55
1
47.7525 -211.017 2409.74
52.3031 -371.039 2377.5
56.2046 -500.397 2360.32
61.3726 -699.017 2356.46
91.3402 -665.701 2358.66
211.925 -667.63 2307.89
307.853 -620.546 2078.63
266.022 -667.352 1875.82
257.442 -755.021 1878.86
258.769 -853.649 1886.15
201.107 -754.239 1812.29
29.7613 -666.733 2357.46
-77.0984 -671.553 2302.25
-152.653 -645.825 2057.19
-86.6002 -725.057 1868.57
-75.095 -809.464 1826.74
-43.6084 -880.93 1768.84
-17.8718 -807.057 1805.82
131.142 -208.224 2407.65
211.339 147.914 2375.81
231.587 475.328 2498.42
259.546 568.701 2357.34
-27.4433 -213.535 2411.62
-113.083 136.556 2347.65
-164.643 468.064 2460.26
-180.975 557.352 2331.22
63.5249 -772.491 2342.76
59.0513 -833.151 2208.84
80.8892 -860.589 2246.19
135.522 -835.802 2345.52
33.5187 -855.131 2242.12
-16.0836 -827.113 2347.66
1
47.8334 -212.488 2413.39
52.9564 -372.967 2380.18
57.3365 -502.908 2363.52
58.0469 -702.336 2357.34
88.8518 -669.611 2360.39
209.449 -666.842 2308.35
306.394 -605.754 2081.7
270.977 -654.497 1877.24
254.172 -741.158 1871
257.408 -840.059 1879.34
203.233 -751.175 1823.41
27.0422 -669.217 2358.27
-77.1667 -668.079 2297.06
-149.792 -632.183 2051.3
-100.198 -706.414 1854.78
-77.4354 -795.726 1830.6
-62.2363 -889.316 1807.42
-37.7345 -798.795 1807.63
131.554 -209.423 2411.49
211.853 147.879 2376.13
231.607 476.584 2499.4
259.394 568.848 2356.72
-27.6611 -215.252 2415.1
-112.943 135.575 2346.4
-164.722 467.863 2461.08
-181.241 558.484 2332.21
58.7345 -775.971 2342.74
47.4285 -835.133 2207.91
77.951 -859.207 2241.59
140.038 -826.958 2334.76
29.9905 -861.488 2243.43
-10.1613 -843.143 2355.46
1
47.6957 -212.263 2415.15
53.0772 -372.32 2381.94
57.6657 -501.835 2364.59
61.815 -700.607 2355.3
91.9871 -667.479 2358.65
212.418 -664.606 2307.05
307.519 -602.818 2080.51
272.444 -650.11 1876.2
256.798 -736.842 1871.15
262.379 -835.153 1881.95
202.875 -746.867 1824.3
30.3201 -668.138 2356.93
-74.8725 -667.553 2298.03
-152.298 -618.568 2056.71
-98.082 -684.578 1859.05
-86.6484 -772.139 1823.89
-61.6758 -846.813 1766.61
-23.5758 -766.234 1793.86
131.199 -209.029 2413.09
212.055 146.926 2374.97
231.492 474.057 2499.99
259.753 569.825 2360.25
-27.6032 -215.178 2417
-112.108 134.658 2347.14
-164.457 467.445 2457.32
-180.885 557.428 2328.47
63.6916 -773.801 2339.57
33.8004 -832.836 2207.96
64.9193 -859.352 2238.97
138.38 -832.403 2324.9
17.4846 -856.935 2245.41
-9.5906 -833.656 2360.09
1
47.6494 -212.655 2416.52
53.0974 -372.897 2383.53
57.717 -502.485 2365.89
62.4002 -701.212 2352.97
92.505 -668.047 2357.01
213.592 -664.174 2306.74
307.744 -592.428 2082.52
278.356 -637.899 1876.71
253.195 -722.518 1873.16
246.276 -820.555 1886.21
204.386 -732.169 1826.72
30.7918 -668.83 2355.13
-75.3739 -665.281 2297.89
-153.233 -609.274 2058
-100.919 -679.315 1861.02
-83.5057 -766.122 1826.22
-60.6925 -850.825 1783.77
-28.0711 -747.301 1797.36
131.225 -209.407 2414.54
212.014 146.554 2373.44
231.133 474.071 2498.34
259.661 569.6 2358.31
-27.7148 -215.584 2418.3
-112.513 134.5 2348.41
-164.67 467.568 2458.79
-180.831 557.436 2329.66
64.5034 -774.164 2335.91
28.5594 -835.832 2206.9
60.7463 -861.985 2237.19
138.053 -833.85 2319.42
13.6072 -858.963 2245.56
-8.43821 -832.888 2360.83
1
46.9302 -211.419 2417.93
52.1372 -371.523 2385.27
56.5613 -500.989 2367.93
60.0802 -699.491 2355.13
90.3384 -666.543 2359.16
211.454 -662.163 2309.44
307.142 -586.664 2087.48
281.665 -626.953 1880.36
256.383 -711.354 1875.52
248.677 -809.381 1887.17
204.256 -720.654 1832.24
28.7016 -666.965 2357.25
-77.3075 -663.742 2300.03
-153.908 -603.071 2061.23
-103.798 -667.109 1861.95
-86.8233 -752.755 1824.5
-63.679 -835.505 1778.79
-31.6905 -730.238 1792.9
130.404 -208.303 2415.96
211.762 147.082 2375.2
231.373 474.904 2497.94
259.749 569.928 2357.81
-28.3418 -214.229 2419.7
-112.577 134.88 2346.78
-164.69 467.429 2457.29
-180.807 559.651 2330.08
61.7601 -772.369 2338.12
30.1972 -827.484 2205.28
60.6824 -855.482 2235.57
134.905 -832.426 2321.91
13.3541 -852.038 2242.17
-12.9281 -830.821 2357.38
1
46.8408 -209.455 2420.58
51.4192 -370.138 2385.47
55.4513 -500.302 2366.91
60.3454 -700.41 2361.87
90.588 -666.903 2364.36
211.823 -657.102 2313.49
306.008 -579.766 2089.65
281.089 -610.346 1879.41
257.58 -695.785 1873.53
252.045 -794.729 1884.05
200.732 -703.943 1831.35
28.5445 -667.835 2362.97
-79.1443 -664.329 2307.28
-139.845 -599.228 2063.32
-99.0294 -639.956 1854.52
-88.5892 -729.643 1823.04
-61.5809 -809.463 1773.1
-30.2567 -717.329 1785.95
130.838 -206.461 2417.83
212.953 150.58 2371.98
230.78 478.977 2499.84
259.684 567.924 2354.57
-28.9028 -212.154 2423.06
-115.643 137.49 2343.97
-166.225 469.762 2463.05
-181.028 558.409 2331.93
62.4348 -774.362 2347.64
31.5666 -814.715 2208.42
61.5428 -846.414 2236.01
135.497 -833.683 2325.67
13.8799 -843.045 2242.5
-13.6698 -833.923 2359.8
1
46.992 -210.754 2424.32
51.9366 -372.167 2387
56.2258 -503.207 2367.83
57.1987 -704.899 2366.75
88.2774 -671.712 2369.26
211.23 -658.86 2320.73
299.76 -572.699 2095.68
271.985 -599.989 1883.75
254.316 -687.483 1877.8
256.024 -787.347 1887.88
197.49 -687.773 1820.5
25.8162 -671.444 2366.55
-79.974 -661.148 2306.3
-150.628 -577.233 2068.83
-104.712 -627.359 1861.48
-96.5246 -715.418 1823.32
-69.9941 -788.757 1762.87
-40.6205 -710.902 1791.02
131.621 -207.678 2422.23
217.741 150.444 2370.66
230.808 479.782 2503.72
260.006 567.985 2356.55
-29.3216 -213.529 2426.21
-115.437 137.666 2340.91
-166.624 471.356 2463.56
-180.557 556.512 2328.67
58.1005 -779.688 2353.91
25.037 -812.753 2212.14
60.0124 -842.952 2235.98
136.881 -828.45 2324.03
12.3052 -845.763 2244.67
-10.4996 -849.079 2364.19
1
46.7532 -208.851 2424.34
52.1028 -369.751 2386.93
56.7391 -500.492 2368.38
62.4082 -701.502 2364.35
92.6181 -667.734 2367.34
214.238 -651.25 2317.59
289.814 -566.749 2088.05
262.048 -592.887 1876.59
254.104 -681.738 1877.12
272.711 -776.6 1903.11
197.297 -668.535 1798.2
30.343 -668.883 2364.63
-74.3784 -659.886 2303.02
-150.995 -569.881 2070.48
-104.099 -605.704 1861.05
-106.816 -699.202 1839.21
-70.0816 -764.947 1775.89
-81.5659 -696.528 1793.71
131.137 -205.566 2422.27
217.62 150.73 2366.37
231.104 477.739 2502.44
259.434 567.598 2356.69
-29.339 -211.813 2426.2
-115.789 138.06 2340.35
-166.246 470.679 2463.26
-181.001 558.316 2330.6
65.0485 -775.844 2350.44
26.1573 -794.651 2207.99
59.3452 -829.005 2228.16
139.068 -827.267 2314.38
11.9316 -829.151 2238.06
-7.93246 -840.652 2357.25
1
46.619 -208.86 2423.08
52.4622 -369.033 2387.7
57.4979 -498.911 2369.68
63.7176 -698.294 2359.43
93.678 -664.726 2362.46
213.332 -647.371 2310.69
299.917 -550.143 2092.32
271.221 -569.531 1881.76
253.451 -656.321 1881.19
254.897 -754.445 1897.08
196.599 -653.017 1817.84
31.7825 -666.069 2361.72
-76.1208 -657.97 2307.59
-159.173 -560.447 2082.42
-97.4571 -597.345 1878.65
-112.642 -679.39 1832.42
-86.2723 -736.745 1757.83
-58.7409 -688.586 1801.97
130.4 -205.287 2420.74
216.816 148.627 2366.56
230.778 474.271 2499.46
259.738 569.214 2358.56
-28.9297 -212.082 2425.19
-115.072 135.212 2339.56
-161.903 467.289 2458.11
-184.454 558.281 2330.21
66.1585 -771.657 2343.31
36.6637 -797.877 2200.84
66.7139 -831.846 2225.23
139.783 -827.6 2316.03
19.0953 -829.615 2231.65
-9.22221 -832.721 2348.78
1
46.8955 -208.247 2423.37
51.8427 -368.761 2388.8
56.2311 -498.87 2371.51
61.0378 -698.471 2361.63
91.2281 -665.116 2365.21
212.751 -648.992 2317.28
305.309 -536.46 2108.68
263.722 -547.766 1899.51
265.516 -631.341 1869.96
239.704 -709.243 1813.71
197.65 -634.687 1825.99
29.3005 -665.96 2363.24
-77.3211 -656.379 2306.64
-150.323 -558.922 2077.76
-100.201 -587.734 1869.36
-108.744 -668.546 1819.26
-69.8044 -726.796 1751.04
-48.0761 -652.121 1783.86
130.739 -205.026 2420.42
216.766 149.4 2366.95
230.562 475.659 2499.11
259.992 569.504 2357.4
-28.7099 -211.151 2426.04
-115.886 134.915 2335.35
-163.609 464.894 2460.11
-183.455 555.495 2331.32
63.2058 -771.934 2345.63
33.5589 -796.902 2202.84
64.6692 -830.431 2226.59
138.191 -825.539 2317.12
17.0081 -829.563 2233.32
-10.5514 -835.11 2350.64
1
46.5594 -209.589 2426.89
51.7258 -370.946 2390.69
56.5239 -502.011 2373.56
60.2967 -703.088 2364.07
90.9354 -669.586 2366.31
213.446 -651.475 2319.01
299.948 -534.476 2108.05
261.45 -545.806 1896.74
260.07 -634.873 1890.45
223.132 -714.972 1842.9
193.056 -609.354 1813.54
28.5328 -670.231 2366.9
-83.4313 -662.498 2319.17
-161.548 -546.99 2098.4
-100.293 -565.484 1890.2
-111.15 -635.39 1825.09
-90.7087 -700.656 1754.21
-52.9629 -642.486 1810.03
130.939 -205.959 2422.75
216.838 150.461 2364.28
230.743 476.642 2503.2
260.163 569.698 2359.48
-29.5293 -212.863 2430.62
-114.546 134.932 2333.94
-162.882 466.377 2461.84
-183.752 554.5 2330.13
61.5739 -777.134 2348.13
40.012 -792.76 2201.51
68.8591 -828.852 2225.16
137.216 -831.657 2320.77
20.5711 -826.881 2229.07
-14.6056 -838.598 2344.78
1
46.5702 -208.642 2426.8
52.0117 -369.635 2391.36
56.9562 -500.325 2374.55
64.9423 -699.935 2355.08
94.7758 -666.054 2359.02
215.578 -640.907 2311.68
290.245 -508.746 2106.18
247.442 -528.474 1897
273.829 -612.717 1885.5
246.825 -666.328 1805.65
204.84 -613.667 1808.31
32.593 -668.036 2359.52
-79.221 -659.983 2312.45
-157.616 -543.681 2093.15
-103.795 -552.73 1882.98
-105.672 -625.21 1820.28
-100.985 -693.907 1750.28
-41.7939 -628.363 1804.29
130.708 -204.982 2423.1
216.777 150.116 2364.09
230.485 475.737 2501.56
260.208 568.674 2358.46
-29.3002 -211.942 2430.15
-116.047 133.838 2332.17
-163.275 463.647 2461.61
-183.804 556.572 2333.8
67.7695 -772.822 2335.52
39.6953 -799.229 2192.05
68.0035 -834.353 2217.4
139.859 -832.278 2309.97
20.1758 -830.087 2222.95
-10.535 -830.965 2340.11
1
46.2188 -212.733 2424.95
52.0809 -376.815 2399.87
56.6345 -507.569 2377.21
65.5219 -709.311 2368.63
95.3967 -674.935 2371.46
212.9 -635.223 2323.22
288.285 -496.446 2120.13
245.14 -507.835 1908.86
281.69 -585.865 1884.13
245.282 -649.054 1814.84
219.158 -606.907 1827.72
32.7887 -677.099 2370.59
-76.3421 -653.777 2320.23
-149.152 -540.182 2095.49
-103.755 -536.004 1881.64
-108.351 -610.976 1821.01
-101.085 -681.074 1751.66
-37.1466 -606.398 1801.43
130.949 -209.137 2421.23
217.897 148.824 2364.57
225.661 477.52 2501.57
259.124 570.626 2357.94
-30.1861 -215.975 2428.3
-117.445 132.949 2332.15
-156.946 466.88 2460.54
-183.092 558.063 2331.11
68.9747 -783.651 2352.98
38.2939 -776.141 2206.76
67.326 -816.286 2222.91
141.27 -835.435 2312.88
19.256 -813.718 2230.11
-9.63443 -842.186 2345.15
1
46.0294 -211.629 2426.68
52.1459 -375.214 2401.56
56.8751 -505.447 2378.16
67.6302 -706.54 2370.09
97.1188 -671.945 2372.08
213.289 -629.623 2323.88
287.25 -488.043 2123.14
247.541 -494.52 1911.63
282.464 -572.007 1883.94
254.059 -632.571 1809.19
218.198 -602.63 1837.5
34.7129 -674.753 2372.72
-76.898 -651.362 2329.13
-158.864 -521.656 2117.52
-108.689 -512.226 1905.54
-116.634 -579 1836.68
-105.928 -638.735 1758.97
-58.5059 -597.065 1825.21
130.522 -207.934 2423.19
221.178 147.395 2362.89
222.617 475.104 2499.82
259.249 572.147 2360.23
-30.1612 -214.961 2429.82
-118.346 132.313 2332.66
-158.48 467.384 2454.85
-181.935 559.915 2326.44
71.4735 -780.685 2354.66
45.2405 -771.837 2208.09
73.2467 -812.312 2224.74
144.104 -832.88 2316.42
25.1572 -809.243 2230.54
-7.31212 -838.08 2344.15
1
45.4387 -212.208 2427.87
52.4766 -377.201 2403.05
57.8781 -508.321 2378.51
72.8322 -710.878 2371.7
101.843 -675.334 2371.89
216.368 -629.62 2319.93
290.292 -481.831 2120.92
253.787 -482.792 1906.91
273.872 -567.862 1884.91
252.121 -645.117 1823.36
223.371 -592.226 1837.1
39.1056 -679.534 2375.71
-76.6675 -656.354 2340.88
-157.021 -525.452 2126.69
-100.925 -503.743 1915.23
-112.146 -561.031 1837.7
-109.277 -614.6 1753.99
-55.5453 -574.93 1823.38
130.622 -208.065 2424.49
222.74 149.379 2359.87
225.121 477.95 2502.33
258.434 572.337 2358.34
-31.3749 -215.945 2430.93
-120.394 132.985 2328.71
-156.992 469.293 2457.27
-182.708 559.792 2326.21
77.5969 -785.695 2356.65
50.2558 -777.363 2208.97
71.9881 -821.585 2226.78
140.899 -850.458 2318.97
24.7074 -810.661 2233.14
-10.1677 -830.552 2349.02
1
43.0148 -210.704 2429.61
48.2538 -374.819 2400.43
52.3935 -505.845 2376.13
71.3367 -707.747 2368.14
99.5997 -671.687 2368.59
215.726 -626.346 2320.47
287.148 -478.606 2120.97
239.698 -487.496 1909.6
298.242 -552.382 1888.04
234.635 -591.779 1820.18
204.246 -549.616 1815.02
37.0372 -677.142 2372.27
-80.8204 -672.723 2337.59
-166.672 -526.867 2136.01
-109.858 -497.025 1926.05
-112.577 -548.397 1843.91
-101.535 -595.958 1757.46
-50.5227 -563.16 1837.08
128.106 -207.34 2425.97
226.2 147.417 2358.37
225.064 476 2499.58
258.207 572.845 2357.49
-33.7156 -213.737 2432.9
-120.206 134.571 2328.28
-159.545 470.067 2456.77
-182.723 560.068 2325.16
77.595 -782.261 2352.67
46.111 -762.905 2207.07
74.3136 -805.042 2219.98
148.583 -832.884 2308.03
26.1734 -801.803 2227.77
-2.8655 -838.271 2341.03
1
43.151 -209.45 2426.85
49.2679 -373.454 2400.23
54.0667 -504.085 2376.15
70.7631 -705.644 2370.52
99.3398 -670.012 2371.03
216.111 -625.691 2324.68
289.964 -466.247 2136.41
242.517 -455.829 1925.79
290.019 -525.54 1895.18
249.105 -574.493 1817.27
202.841 -536.967 1833.87
36.8618 -674.707 2373.81
-79.8705 -662.537 2338.51
-172.063 -507.186 2148.19
-112.847 -499.834 1937.59
-124.547 -520.442 1843.92
-101.123 -575.409 1765.01
-70.5911 -557.463 1847.71
128.026 -205.933 2424.69
225.67 147.649 2356.58
224.629 475.052 2497.78
258.804 573.69 2357.84
-33.3846 -212.622 2428.81
-120.656 135.165 2327.21
-154.314 470.09 2455.71
-183.875 560.367 2326.18
76.381 -780.152 2355.94
45.0867 -765.747 2210.21
72.6818 -807.615 2224.58
146.46 -833.102 2313.26
24.7414 -803.495 2232.25
-4.54843 -835.351 2346.43
1
41.9859 -207.526 2426.88
48.4507 -370.936 2400.09
53.5098 -500.849 2374.61
71.1953 -701.637 2368.28
99.4954 -666.002 2369.74
217.394 -621.26 2328.15
286.712 -463.474 2137.91
240.986 -444.378 1928.25
288.089 -514.693 1899.31
246.655 -556.433 1817.98
204.547 -520.001 1831.6
37.1923 -670.968 2370.86
-77.9082 -655.285 2333.06
-169.034 -506.619 2138.12
-103.21 -507.091 1930.12
-139.253 -501.019 1841.02
-93.0693 -553.915 1771.72
-95.2428 -537.575 1814.13
126.59 -203.912 2425.25
225.828 147.621 2355.54
225.228 473.913 2496.37
258.3 573.211 2357.34
-34.3056 -210.785 2428.34
-121.46 134.797 2323.64
-156.887 466.352 2457.01
-180.507 562.371 2331.09
77.5072 -775.79 2353.48
41.5777 -749.786 2210.96
67.0298 -793.923 2221.32
142.291 -829.52 2304.59
19.9219 -787.576 2231.27
-6.66817 -825.251 2343.9
1
41.6353 -203.739 2426.22
48.4709 -365.461 2397.27
53.9635 -494.857 2374.75
64.9431 -693.455 2352.86
94.1734 -659.252 2356.94
212.865 -618.408 2316.89
290.188 -451.691 2140.54
242.287 -435.543 1932.83
291.235 -502.925 1902.17
263.022 -533.669 1811.74
213.202 -512.447 1831.23
32.2269 -662.232 2357.93
-82.202 -643.62 2322.55
-173.616 -486.639 2137.21
-108.533 -505.291 1931.6
-143.495 -492.356 1843.61
-89.8157 -536.046 1774.38
-99.0233 -517.281 1815.01
125.52 -199.646 2423.16
225.654 148.436 2352.73
224.64 470.973 2495.27
258.985 574.374 2361.32
-34.0077 -207.43 2428.97
-122.76 134.38 2323.41
-158.035 465.208 2451.04
-179.773 561.049 2326.22
68.7573 -765.825 2332.45
35.2642 -758.856 2188.35
62.35 -799.783 2204.25
136.664 -821.2 2291.83
15.1371 -794.732 2212.47
-12.0545 -819.854 2327.41
1
41.1689 -204.508 2425.24
48.3925 -367.75 2398.99
54.0103 -496.76 2370.18
67.9706 -697.668 2368.83
96.8698 -662.588 2370.1
213.328 -620.378 2322.76
287.79 -445.442 2150.81
243.249 -431.025 1940.81
292.813 -499.261 1911.37
252.687 -517.403 1821.33
206.548 -493.766 1835.25
34.5567 -666.362 2369.96
-77.2611 -646.871 2325.24
-166.379 -484.923 2140.7
-104.542 -491.581 1931.89
-126.617 -488.702 1838.32
-80.8294 -491.986 1751.15
-85.3046 -506.78 1811.34
125.658 -200.616 2424.29
227.136 149.268 2352.19
224.06 473.153 2497.29
259.187 573.438 2359.77
-35.019 -208.018 2426.1
-124.054 136.456 2321.08
-158.708 467.561 2454.49
-179.853 560.477 2326.1
73.1741 -772.15 2355.89
46.4805 -736.588 2213.62
69.8897 -782.043 2222.66
138.94 -824.996 2307.61
22.5601 -774.704 2230.3
-11.6597 -817.998 2338.59
1
41.9398 -203.038 2427.29
47.2692 -367.588 2401.91
51.3769 -497.793 2374.25
63.3425 -700.147 2372.36
92.8013 -665.139 2373.45
209.835 -621.281 2326.59
295.899 -440.453 2163.89
254.637 -414.964 1952.82
280.06 -495.578 1922.18
253.766 -498.576 1824.82
211.288 -485.866 1846.06
30.0455 -668.296 2373.84
-83.055 -645.833 2331.63
-177.496 -472.006 2158.46
-112.046 -468.057 1949.19
-96.8852 -474.432 1853.79
-62.1364 -476.434 1760.93
-56.0825 -481.48 1843.98
127.019 -200.093 2426.06
226.352 152.223 2350.34
224.504 475.983 2501.32
258.474 571.731 2358.93
-34.7794 -205.694 2428.4
-124.085 140.501 2320.69
-158.271 471.999 2459.47
-180.676 560.774 2327.11
67.6996 -775.139 2359.13
45.3807 -728.157 2218.4
74.5972 -771.006 2224.86
143.844 -813.348 2311.02
25.992 -771.009 2229.42
-8.89843 -830.293 2330.59
1
40.4651 -202.526 2424.34
46.5687 -367.046 2400.36
51.3388 -497.539 2375.07
61.7805 -699.699 2371.62
91.453 -664.972 2373.3
208.898 -621.614 2327.49
291.284 -431.688 2174.03
256.919 -418.802 1960.88
292.622 -496.912 1934.65
259.97 -476.638 1841.51
215.38 -473.744 1848.64
28.7538 -667.648 2373.04
-83.2652 -643.558 2329.32
-173.921 -466.74 2157.67
-116.733 -455.902 1946.52
-98.9437 -462.911 1851.74
-70.1535 -454.491 1757.35
-57.2379 -464.837 1838.72
125.427 -199.233 2423.37
225.814 152.586 2349.08
224.501 475.843 2500.07
258.606 571.976 2358.24
-36.1485 -205.495 2425.21
-123.929 140.917 2318.58
-157.574 471.139 2459.33
-179.419 559.499 2326.85
65.6976 -774.516 2357.84
54.6915 -732.04 2214.56
83.0232 -774.708 2224.62
145.023 -814.463 2317.09
34.2733 -774.395 2225.37
-8.68244 -830.216 2325.21
1
41.3488 -201.266 2425.42
45.3177 -364.578 2398.65
48.5159 -494.478 2373.56
54.1301 -695.745 2367.12
84.459 -661.936 2369.47
207.05 -626.026 2333.75
312.94 -419.601 2224.56
249.71 -454.566 2021.84
288.375 -472.014 1943.2
270.007 -457.239 1845.75
226.189 -461.713 1890.06
22.0298 -663.103 2368.84
-92.155 -639.426 2332.9
-195.702 -441.856 2196.88
-130.033 -433.395 1989.25
-140.469 -414.478 1895.5
-79.5693 -438.05 1821.69
-76.2861 -448.832 1880.61
125.928 -199.361 2426.34
225.948 149.454 2346.91
222.303 471.736 2495.73
258.029 573.29 2359.25
-34.9202 -202.984 2424.59
-124.292 140.898 2317.61
-159.936 470.188 2455.42
-179.628 560.555 2324.94
56.3323 -770.045 2352.3
60.6498 -756.516 2203.88
90.4178 -793.365 2225.17
142.566 -808.729 2329.48
42.3308 -797.687 2220.43
-8.53733 -837.567 2323.39
1
39.984 -196.781 2424.46
44.845 -359.036 2398.02
48.7085 -488.219 2373.85
59.0841 -687.784 2362.77
88.3933 -653.556 2366.1
208.054 -613.788 2327.8
309.184 -409.353 2214.33
257.993 -382.516 2008.47
287.652 -458.925 1974.39
250.391 -417.466 1891.83
228.016 -431.674 1890.71
26.4191 -656.167 2365.03
-85.5544 -632.905 2324.8
-188.099 -435.475 2191.07
-117.249 -415.619 1987.44
-151.869 -397.042 1900.31
-80.9982 -420.885 1837.1
-70.7827 -420.345 1876.63
124.003 -194.235 2424.28
225.435 152.175 2347.39
225.021 472.03 2496.02
258.972 574.124 2360.93
-35.7791 -199.077 2424.62
-123.835 141.247 2313.56
-154.306 467.32 2454.19
-181.588 560.944 2328.74
63.1182 -761.158 2346.31
48.6888 -757.558 2198.93
78.2317 -794.923 2218.77
142.182 -807.496 2315.77
30.0733 -795.79 2220.53
-9.02201 -824.739 2331.08
1
36.6245 -196.367 2425.43
42.4036 -359.664 2399.32
46.9391 -489.086 2372.31
55.1077 -690.119 2364.09
84.9788 -655.976 2367.04
204.855 -613.343 2329.73
305.951 -407.664 2214.97
265.323 -382.732 2005.19
282.459 -465.316 1975.82
249.689 -416.844 1894.45
220.439 -426.176 1890.07
22.6029 -657.905 2365.79
-89.7955 -632.208 2325.98
-188.083 -433.358 2188.14
-108.462 -401.869 1987.82
-161.987 -387.937 1909.15
-82.7999 -396.135 1851.13
-87.2825 -390.195 1868.91
121.138 -193.28 2424.83
229.688 152.142 2342.52
224.815 471.694 2496.76
258.649 573.638 2360.18
-39.5851 -199.15 2425.97
-125.452 143.265 2312.14
-159.304 470.239 2455.43
-180.253 560.838 2325.39
58.3726 -764.215 2348.61
54.1041 -756.445 2199.83
84.2084 -793.201 2220.76
142.116 -805.934 2322.3
35.8548 -796.457 2219.04
-9.65516 -831.062 2326.27
1
36.9204 -191.728 2425.14
42.8081 -353.861 2398.54
47.4792 -482.746 2373.21
58.6791 -682.124 2360.95
87.8211 -647.825 2364.76
207.186 -607.198 2326.61
311.95 -403.059 2216.15
268.349 -369.621 2009.6
273.379 -452.652 1978.7
248.76 -414.42 1890.12
199.711 -414.438 1904.52
25.8918 -650.651 2363.12
-84.96 -628.073 2319.65
-190.432 -433.786 2183.8
-115.772 -384.41 1986.74
-171.816 -375.336 1909.89
-88.4936 -375.655 1858.54
-78.7677 -377.132 1869.8
120.89 -188.648 2424.95
229.812 153.813 2341.53
224.606 470.452 2496.52
259.001 572.83 2361.84
-38.7989 -194.505 2425.3
-125.368 145.08 2311.3
-159.75 469.221 2455.13
-179.863 560.497 2326.71
63.1283 -755.349 2344.07
52.4615 -756.19 2196.37
80.7301 -793.452 2218.12
141.95 -804.145 2317.04
32.5527 -793.329 2218.68
-9.85013 -817.954 2329.01
1
36.8794 -191.1 2424.43
42.7882 -353.246 2397.6
47.4721 -482 2371.41
59.1526 -681.306 2357.53
88.2075 -646.976 2361.86
207.575 -604.453 2325.7
307.545 -395.103 2220.49
267.008 -358.143 2013.85
282.127 -438.745 1979.88
259.579 -397.998 1891.83
209.46 -402.334 1902.29
26.2789 -649.904 2359.72
-83.9444 -626.926 2314.79
-192.403 -438.384 2173.16
-125.773 -380.132 1975.57
-180.59 -382.103 1897.3
-90.6004 -371.364 1860.26
-86.0602 -360.384 1865.07
120.875 -188.015 2424.29
228.892 154.406 2339.05
224.462 471.332 2493.72
259.006 574.461 2359.58
-38.8632 -193.881 2424.55
-124.911 145.733 2309.88
-158.269 469.681 2454.66
-180.188 559.188 2325.22
63.8729 -754.398 2340.06
56.6863 -768.075 2192.74
83.2846 -804.054 2218.43
141.805 -807.642 2319.52
35.1191 -802.513 2217.71
-10.6355 -816.013 2328.66
1
36.6916 -189.858 2424.4
42.5329 -351.029 2396.57
47.1646 -479.512 2372.3
59.1392 -677.526 2354.63
87.9728 -643.43 2359.9
208.761 -603.741 2327.78
313.717 -384.597 2255.51
266.513 -358.306 2049.72
267.926 -419.962 1986.47
252.585 -391.374 1892.81
208.611 -396.862 1933.4
26.371 -646.355 2357.11
-84.4202 -628.573 2312.8
-198.168 -436.559 2182.77
-111.189 -361.3 2000.57
-167.722 -334.132 1929.08
-88.8413 -346.32 1873.2
-89.8039 -323.541 1897.14
120.27 -186.657 2423.4
229.062 153.601 2338.21
224.691 468.807 2492.51
259.011 576.135 2362.75
-38.6745 -192.745 2425.3
-125.015 143.803 2307.57
-157.934 466.49 2451.02
-180.664 561.457 2326.66
64.0846 -749.896 2335.83
57.4896 -775.134 2190.75
83.7948 -808.826 2219.19
141.626 -804.454 2319.99
35.8684 -807.286 2218.16
-10.1251 -811.815 2329.11
1
36.7665 -189.807 2424.29
42.6401 -351.008 2396.4
47.297 -479.503 2372
59.2859 -677.542 2354.04
88.1201 -643.449 2359.44
208.902 -603.457 2327.53
312.883 -383.595 2255.8
265.573 -357.425 2049.96
266.201 -419.23 1986.81
250.484 -390.348 1893.28
207.141 -395.159 1933.62
26.508 -646.363 2356.51
-84.068 -628 2311.81
-195.831 -434.637 2181.92
-107.629 -359.523 2000.19
-163.175 -330.463 1928.63
-84.8289 -342.863 1872.01
-84.5428 -320.737 1897.6
120.367 -186.594 2423.33
229.176 153.8 2338.28
224.704 469.033 2492.73
259.044 576.406 2362.96
-38.6193 -192.704 2425.16
-124.967 143.969 2307.49
-157.995 466.687 2451.08
-180.559 561.754 2326.71
64.2641 -749.903 2335.14
58.848 -775.325 2190
85.134 -808.856 2218.68
142.229 -804.074 2319.92
37.1963 -807.573 2217.3
-9.58275 -812.24 2327.95
1
37.545 -186.589 2420.16
42.2206 -348.793 2396.27
46.1912 -477.73 2372.74
54.9208 -676.105 2352.46
84.189 -642.679 2360
205.984 -601.917 2332.12
302.72 -372.182 2283.03
253.862 -336.662 2078.53
262.784 -412.824 2034.29
252.171 -389.904 1938.21
211.073 -391.589 1962.73
22.6735 -644.175 2353.55
-83.4757 -617.164 2302.36
-174.152 -420.374 2160.71
-82.8342 -328.049 1988.19
-154.901 -275.1 1955.19
-73.2252 -307.706 1912.75
-64.8401 -293.174 1875.38
121.226 -184.867 2424.84
229.792 155.091 2334.81
225.024 469.779 2491.89
261.961 575.526 2361.06
-37.9137 -188.142 2415.94
-128.649 149.083 2300.96
-158.849 467.273 2456.48
-180.627 562.369 2331.61
59.4071 -748.43 2332.74
56.6392 -775.792 2187.59
84.2442 -807.774 2216.97
140.145 -799.123 2318.88
36.2226 -808.778 2215.12
-11.4778 -814.397 2325.59
1
38.5294 -186.381 2422.34
44.2562 -347.889 2397
48.8615 -476.401 2373.19
58.5992 -674.18 2352.76
87.5897 -640.72 2360.5
210.23 -600.015 2338.51
321.4 -372.536 2328.55
274.723 -313.426 2129.67
264.672 -392.323 2091.33
248.155 -390.325 1993.66
215.979 -401.879 2048.34
26.2858 -642.484 2353.69
-80.5314 -614.682 2305.13
-179.817 -401.929 2197.73
-86.5771 -307.802 2027.94
-144.901 -251.411 1978.38
-76.2344 -296.093 1925.73
-66.773 -276.455 1919.18
122.083 -183.593 2423.45
229.035 156.802 2337.2
224.64 471.087 2493.01
263.506 573.757 2360.89
-36.8143 -188.895 2421.34
-128.55 146.771 2305.71
-158.597 467.691 2453.29
-179.212 559.638 2326.41
63.5257 -746.266 2333.02
57.0324 -774.151 2188.49
83.6305 -807.088 2217.5
141.476 -800.421 2318.11
35.714 -805.97 2216.49
-10.1317 -808.888 2327.49
1
39.0955 -187.595 2424.66
44.4198 -349.821 2397.91
48.6838 -478.319 2370.24
53.8105 -677.786 2354.06
83.5935 -644.75 2362.07
209.194 -607.054 2348.72
305.664 -371.221 2350.58
303.993 -314.932 2144.27
276.097 -391.725 2109.51
243.357 -395.161 2015.47
238.224 -416.603 2142.9
22.1626 -645.067 2353.32
-83.7109 -613.26 2303.48
-170.702 -393.422 2196.19
-78.9171 -297.509 2025.08
-121.718 -243.079 1959.16
-75.1972 -233.95 1873.47
-62.6733 -249.919 1917.96
123.128 -184.937 2425.27
229.021 157.042 2335.26
225.723 471.451 2495.24
263.143 572.24 2360.03
-36.6803 -189.992 2424.12
-129.034 146.77 2305.66
-158.697 469.068 2455.1
-179.654 562.375 2328.16
57.4469 -750.785 2335.86
61.391 -771.429 2189.19
90.7503 -802.489 2218.12
142.768 -794.102 2322.46
42.9178 -807.35 2214.57
-7.62711 -822.135 2323.3
1
41.1678 -186.666 2421.28
44.3389 -348.23 2395.57
46.892 -477.111 2373.33
59.8927 -674.59 2351.38
88.3946 -640.654 2358.92
209.375 -594.405 2338.55
318.196 -365.551 2343.12
271.929 -304.673 2144.62
293.104 -380.741 2105.06
234.83 -401.678 2027.68
243.152 -403.628 2199.31
27.0219 -643.485 2353
-81.6455 -621.952 2305.3
-200.943 -411.792 2214.24
-113.835 -297.13 2054.02
-142.194 -252.645 1974.91
-70.9713 -241.02 1909.48
-76.5873 -251.499 1951.39
124.776 -185.206 2422.42
228.415 156.443 2336.68
225.765 470.249 2493.69
259.908 575.186 2361.99
-34.2253 -187.984 2420.26
-128.701 147.64 2306.44
-158.711 468.222 2454.98
-179.852 561.93 2329.43
65.8245 -746.46 2331.06
55.5208 -771.9 2186.26
82.9187 -805.296 2214
143.424 -800.256 2313.16
34.9788 -804.229 2214.27
-7.9116 -809.1 2326.42
1
41.4285 -187.053 2421.29
44.954 -348.475 2394.89
47.7941 -477.157 2371.66
60.5958 -674.712 2350.53
89.0517 -640.844 2358.5
211.682 -595.69 2348.1
292.676 -356.644 2370.84
267.452 -290.991 2170.11
304.834 -360.64 2130.75
242.847 -349.647 2054.22
240.051 -396.524 2211.34
27.8003 -643.507 2351.45
-80.9401 -620.489 2304.65
-200.051 -405.379 2225.83
-134.523 -274.865 2067.51
-166.411 -258.25 1979.5
-72.5242 -250.04 1954.91
-78.0379 -252.843 1960.52
125.022 -185.412 2422.42
228.09 155.667 2333.98
225.748 468.813 2492.2
259.861 575.325 2361.8
-33.9515 -188.532 2420.27
-128.461 147.382 2307.5
-157.591 468.332 2455.3
-181.752 562.265 2330.49
66.6854 -746.649 2330.54
62.1552 -778.849 2186.82
87.888 -811.2 2217.25
144.208 -802.148 2318.54
40.0052 -809.554 2215.41
-7.64018 -808.554 2325.71
1
41.0421 -186.383 2423.48
44.2372 -349.045 2397.5
46.8919 -478.464 2373.16
61.1697 -677.536 2354.07
89.2738 -643.342 2363.55
212.279 -595.409 2363.56
318.402 -365.378 2394.39
282.512 -295.163 2195.24
288.872 -374.138 2154.87
217.414 -324.188 2106.33
234.664 -387.368 2249.97
28.1234 -646.144 2352.82
-77.787 -617.082 2300.97
-168.16 -415.265 2164.16
-114.13 -266.62 2015.73
-170.671 -250.272 1940.21
-78.2743 -235.167 1969.45
-86.6176 -256.188 1882.86
125.199 -185.143 2426.07
229.338 157.497 2334.23
224.481 472.691 2493.81
263.504 573.383 2358.65
-34.8457 -187.501 2421.15
-128.664 150.077 2304.42
-158.628 471.11 2457.78
-179.73 560.565 2327.82
68.5387 -750.11 2334.85
52.0344 -772.797 2189.13
76.3217 -809.597 2216.11
139.697 -812.452 2314.5
28.4924 -803.148 2217.55
-12.3776 -804.452 2331.42
1
40.8022 -187.399 2425.1
44.4757 -350.447 2399.56
47.5126 -480.103 2375.14
63.4682 -679.315 2354.78
91.4075 -644.843 2364.16
212.789 -592.295 2365.19
313.338 -358.908 2393.49
275.436 -295.67 2191.95
290.742 -374.422 2153.19
216.826 -322.503 2110.32
235.091 -391.451 2247.08
30.0545 -648.167 2354.05
-77.2326 -619.852 2304.1
-178.235 -412.959 2182.15
-147.827 -247.388 2044.7
-167.462 -250.546 1950.85
-85.3816 -215.216 1991.75
-86.8892 -246.602 1927.71
125.124 -185.872 2427.47
229.037 156.384 2331.15
225.042 471.035 2493.33
263.109 573.311 2358.66
-35.2348 -188.777 2422.96
-128.434 149.244 2304.74
-156.69 471.388 2457.71
-181.274 558.503 2326.4
71.3205 -751.854 2335.05
59.8191 -772.96 2188.32
83.0864 -810.202 2215.78
143.099 -814.334 2316.48
35.1623 -803.596 2215.62
-9.74581 -805.991 2328.2
1
40.4216 -184.573 2423.58
43.769 -346.345 2397.65
46.522 -474.966 2372.91
61.5012 -672.617 2351.06
89.3813 -638.598 2360.67
211.205 -590.342 2369.14
306.468 -358.605 2409.79
285.783 -300.11 2205.98
301.971 -379.163 2169.77
240.04 -317.956 2122.13
231.616 -392.329 2252.93
28.4686 -641.545 2350.57
-78.8523 -616.62 2301.05
-189.976 -411.234 2189.88
-168.132 -242.103 2057.74
-164.507 -244.956 1962.62
-88.8997 -192.193 1994.51
-90.4373 -233.326 1954.2
124.142 -183.138 2425.44
228.247 157.189 2332.93
225.998 470.586 2491.92
262.825 573.662 2359.14
-35.0731 -185.866 2421.9
-126.947 149.675 2304.01
-152.625 469.218 2456.8
-181.87 560.575 2330.85
68.9907 -744.494 2330.87
57.3865 -774.979 2186.92
84.1671 -808.03 2215.8
145.337 -800.805 2314.62
36.1954 -805.821 2216.22
-6.32543 -805.598 2328.8
1
41.5968 -185.23 2423.46
44.2933 -346.998 2396.24
46.4704 -476.053 2372.94
63.4917 -673.828 2351.58
91.0993 -639.431 2360.87
212.934 -590.081 2359.27
310.406 -358.513 2397.43
276.839 -271.64 2205.54
287.861 -345.703 2158.27
222.386 -332.964 2084.62
231.66 -370.069 2249.49
30.0742 -643.09 2351.26
-76.5753 -620.07 2299.08
-191.336 -412.64 2194.92
-163.952 -238.375 2070.29
-160.509 -247.052 1975.4
-84.9338 -186.674 1988.92
-103.486 -222.1 1962.5
125.429 -184.062 2424.82
228.746 157.202 2333.17
225.904 470.872 2492.52
262.849 574.107 2359.64
-33.9985 -186.283 2422.23
-128.457 148.855 2303.89
-156.85 469.153 2455.58
-183.684 561.058 2329.26
71.6296 -745.768 2331.55
56.253 -775.839 2187.69
83.0305 -809.496 2215.96
146.557 -803.622 2313.54
35.0768 -806.334 2217.44
-5.00027 -805.435 2331.06
1
41.7889 -185.634 2422.81
44.8218 -347.457 2395.51
47.2818 -476.493 2371.8
63.8592 -674.422 2350.7
91.6296 -640.011 2359.54
213.894 -591.735 2355.29
322.011 -365.485 2397.23
278.013 -265.002 2214.2
285.348 -335.492 2161.04
215.979 -319.339 2091.69
235.002 -366.311 2253.74
30.4509 -643.643 2350.75
-76.8923 -621.166 2299.65
-189.787 -410.178 2200.42
-149.352 -224.049 2098.37
-162.972 -254.01 2008.84
-88.6561 -190.756 2003.9
-104.88 -217.462 1982.7
125.649 -184.364 2424.6
228.741 157.131 2332.89
224.8 471.195 2491.79
263.165 574.739 2359.45
-33.8317 -186.779 2421.19
-127.581 149.623 2305.39
-158.34 470.317 2456.16
-183.41 561.182 2328.64
71.6721 -746.451 2330.73
53.1069 -777.039 2187.28
82.1572 -809.575 2214.66
148.41 -801.103 2310.27
34.1604 -808.44 2217.63
-2.38666 -809.325 2332.49
1
41.7232 -188.277 2420.79
45.4037 -350.938 2394.54
48.3921 -480.618 2371.44
61.0807 -679.678 2350.53
89.5683 -645.726 2359.79
213.051 -598.925 2360.58
324.452 -373.96 2406.93
306.843 -262.018 2225.09
290.954 -316.415 2156.52
232.199 -301.193 2077.28
238.232 -355.011 2245.61
28.2076 -648.062 2350.09
-79.3935 -622.522 2299.8
-186.561 -408.172 2198.68
-158.404 -219.783 2094.79
-160.957 -258.36 2007.17
-94.4172 -186.444 2001.97
-106.196 -218.061 1981.7
125.914 -186.711 2422.89
229.667 156.633 2332.79
225.534 471.871 2492.56
261.706 574.303 2357.84
-34.1956 -189.689 2418.9
-127.426 148.644 2303.52
-155.83 469.98 2456.8
-184.018 560.944 2329.19
67.6607 -752.162 2330.6
59.7408 -778.271 2184.69
88.0304 -811.014 2212.99
147.641 -803.953 2313.55
39.7343 -811.416 2212.71
-4.58527 -817.502 2325.18
1
42.0272 -188.865 2420.84
45.8635 -351.862 2394.58
48.9799 -481.756 2371.17
62.8296 -681.091 2349.7
91.1822 -646.931 2359.07
214.585 -599.166 2359.55
320.462 -372.083 2411.08
300.147 -256.238 2231.47
287.935 -312.474 2163.4
226.859 -292.528 2086.74
235.332 -352.046 2252.49
29.7091 -649.598 2349.35
-78.3556 -624.156 2299.41
-187.016 -409.405 2199.38
-160.29 -220.305 2095.48
-160.567 -256.015 2006.4
-94.4286 -183.314 2003.96
-106.082 -217.477 1982.84
126.39 -187.203 2422.85
229.25 156.603 2330.43
225.084 471.343 2492.74
263.446 574.974 2359.1
-34.0466 -190.364 2419.02
-127.629 148.324 2302.57
-155.638 470.291 2456.29
-182.475 563.187 2329.38
69.8341 -753.632 2329.55
66.7808 -782.447 2183.65
92.22 -816.011 2213.83
147.92 -809.771 2316.93
43.9216 -814.031 2211.47
-5.4618 -815.551 2322.23
1
42.0266 -188.864 2420.84
45.8625 -351.86 2394.58
48.9787 -481.753 2371.17
62.8265 -681.087 2349.7
91.1793 -646.927 2359.07
214.582 -599.165 2359.55
320.462 -372.089 2411.11
300.155 -256.221 2231.51
287.936 -312.445 2163.43
226.856 -292.465 2086.79
235.332 -352.025 2252.52
29.7064 -649.594 2349.35
-78.3581 -624.148 2299.41
-187.016 -409.39 2199.39
-160.291 -220.283 2095.51
-160.566 -255.987 2006.43
-94.431 -183.283 2004.01
-106.081 -217.437 1982.88
126.389 -187.202 2422.85
229.25 156.603 2330.43
225.083 471.34 2492.75
263.447 574.973 2359.11
-34.0469 -190.362 2419.03
-127.63 148.325 2302.57
-155.638 470.289 2456.3
-182.479 563.184 2329.39
69.8303 -753.627 2329.54
66.7685 -782.432 2183.65
92.2091 -815.998 2213.82
147.915 -809.765 2316.91
43.9107 -814.017 2211.46
-5.46614 -815.545 2322.22
1
42.0266 -188.864 2420.84
45.8625 -351.86 2394.58
48.9787 -481.753 2371.17
62.8265 -681.087 2349.7
91.1793 -646.927 2359.07
214.582 -599.165 2359.55
320.462 -372.089 2411.11
300.155 -256.221 2231.51
287.936 -312.445 2163.43
226.856 -292.465 2086.79
235.332 -352.025 2252.52
29.7064 -649.594 2349.35
-78.3581 -624.148 2299.41
-187.016 -409.39 2199.39
-160.291 -220.283 2095.51
-160.566 -255.987 2006.43
-94.431 -183.283 2004.01
-106.081 -217.437 1982.88
126.389 -187.202 2422.85
229.25 156.603 2330.43
225.083 471.34 2492.75
263.447 574.973 2359.11
-34.0469 -190.362 2419.03
-127.63 148.325 2302.57
-155.638 470.289 2456.3
-182.479 563.184 2329.39
69.8303 -753.627 2329.54
66.7685 -782.432 2183.65
92.2091 -815.998 2213.82
147.915 -809.765 2316.91
43.9107 -814.017 2211.46
-5.46614 -815.545 2322.22
1
41.7375 -187.143 2419.44
45.4458 -348.789 2393.86
48.4278 -477.513 2370.45
64.0879 -674.918 2348.76
92.1704 -640.549 2356.03
213.762 -595.068 2337.26
292.946 -357.671 2296.43
276.36 -213.141 2141.1
271.174 -270.708 2074.27
207.687 -216.508 2020.77
212.855 -309.486 2158.49
30.7749 -644.267 2350.57
-75.6004 -621.852 2298.2
-171.953 -402.549 2201.38
-159.906 -213.219 2099.14
-142.275 -242.424 2010.33
-95.3151 -161.707 2038.2
-106.32 -210.396 1991.98
125.38 -185.35 2420.24
228.911 156.567 2334.74
225.774 470.681 2491.48
262.855 574.509 2359.59
-33.6869 -188.759 2418.72
-128.38 146.623 2303.84
-156.981 467.432 2452.55
-184.188 562.502 2329.12
70.8971 -746.767 2328.52
53.4653 -765.935 2183.38
82.459 -800.288 2208.21
147.882 -799.067 2304.39
34.5663 -799.656 2210.93
-2.59847 -809.818 2324.81
1
42.521 -188.253 2419.19
46.9077 -350.024 2393.91
50.326 -478.305 2367.87
66.5196 -675.956 2347.86
94.6371 -641.303 2353.65
211.546 -589.837 2323.51
285.33 -350.24 2284.58
261.601 -200.898 2134.66
253.616 -256.076 2066.05
188.935 -212.669 2004.62
199.077 -298.044 2151.33
33.0704 -645.486 2350.6
-74.9993 -623.48 2301.46
-167.866 -403.199 2203.09
-164.015 -214.119 2099.5
-138.897 -227.813 2008.71
-96.0361 -147.619 2043.93
-107.101 -213.758 1995.44
126.195 -185.853 2418.35
228.453 156.758 2333.22
225.276 469.812 2492.49
260.153 575.96 2361.73
-32.9315 -190.417 2419.94
-128.286 144.877 2304.7
-155.188 466.785 2451.81
-184.154 560.235 2327.44
73.0488 -748.034 2328.2
62.6511 -776.577 2183.83
89.6227 -809.715 2212.38
150.09 -803.21 2311.61
41.6507 -808.057 2212.54
-1.51461 -809.921 2324.8
1
42.4077 -189.18 2420.77
47.7361 -351.841 2395.97
51.8303 -480.859 2370.3
62.9666 -679.862 2350.09
92.1263 -645.766 2355.82
211.035 -596.487 2326.95
286.5 -355.123 2294.2
267.623 -198.365 2149.71
256.178 -249.754 2078.14
201.232 -205.764 2007.51
192.548 -288.033 2159.45
30.1483 -648.39 2352.97
-78.3085 -621.885 2305.42
-160.256 -399.289 2199.38
-188.689 -213.389 2091.65
-126.72 -229.237 2020.5
-112.935 -133.135 2033.91
-100.976 -206.537 2013.29
126.472 -186.144 2418.92
228.73 157.469 2329.81
224.923 471.369 2491.35
262.979 574.183 2357.69
-33.3967 -191.918 2422.44
-128.363 144.308 2303.67
-152.687 466.822 2454.24
-184.813 561.52 2330.56
67.6113 -752.445 2330.29
57.3957 -770.447 2183.46
87.6339 -803.485 2209.19
149.158 -799.663 2308.61
39.4553 -805.927 2209.89
-1.89927 -820.315 2322.59
1
42.4068 -189.204 2420.81
47.7496 -351.86 2396.01
51.8564 -480.879 2370.37
63.0863 -679.879 2350.23
92.2282 -645.769 2355.96
211.128 -596.412 2327.21
286.384 -354.902 2295.11
267.598 -197.744 2151.06
256.017 -248.951 2079.38
200.793 -204.439 2009.3
192.625 -287.498 2160.75
30.2542 -648.421 2353.08
-78.193 -622.019 2305.46
-160.274 -399.693 2198.98
-188.767 -214.003 2090.92
-127.003 -230.328 2019.71
-112.763 -134.202 2032.43
-101.472 -207.734 2012.2
126.469 -186.161 2418.96
228.774 157.452 2329.95
224.867 471.297 2491.57
262.999 574.158 2357.97
-33.3953 -191.947 2422.47
-128.345 144.254 2303.65
-152.735 466.805 2454.1
-184.727 561.376 2330.29
67.77 -752.464 2330.45
57.7157 -770.834 2183.67
87.9027 -803.824 2209.51
149.311 -799.785 2308.99
39.7233 -806.235 2210.17
-1.77079 -820.309 2322.84
1
42.0036 -189.31 2420.4
47.2951 -351.673 2395.42
51.3759 -480.478 2369.78
62.5269 -679.202 2350.05
91.6256 -645.154 2355.8
210.626 -595.948 2328.2
285.982 -354.012 2303.67
268.676 -193.223 2164.01
255.273 -242.842 2091.71
196.826 -197.529 2025.07
195.667 -284.259 2174.33
29.7581 -647.769 2352.75
-78.3719 -621.729 2304.7
-160.279 -400.442 2196.94
-187.878 -215.677 2087.76
-124.227 -235.544 2019.37
-109.449 -139.38 2029.78
-99.1431 -207.654 2010.52
125.936 -186.315 2418.72
229.213 157.069 2332.43
224.805 470.528 2493.55
263.481 574.906 2361.66
-33.6818 -192.01 2421.92
-128.074 144.044 2304.07
-152.51 466.178 2454.06
-183.566 561.257 2330.73
67.2185 -751.709 2330.45
57.2105 -773.038 2184.3
87.9737 -804.94 2210.66
149.402 -797.926 2309.75
39.9223 -808.176 2211.47
-1.02771 -820.783 2324.32
1
41.9945 -187.803 2419.31
47.1995 -349.866 2396.13
51.2832 -478.248 2370.68
66.4651 -675.893 2349.79
94.8119 -641.315 2354.88
210.386 -585.851 2326.74
276.621 -360.527 2230.77
257.546 -218.634 2073.14
191.552 -259.081 2030.43
191.381 -159.94 2033.97
173.639 -266.907 2138.35
33.1737 -645.355 2353.53
-76.3325 -619.946 2309.47
-153.509 -401.385 2195.01
-199.477 -221.901 2084.68
-125.185 -225.459 2025.28
-98.575 -132.944 2009.74
-104.192 -207.262 2021.81
125.662 -185.049 2418.85
228.687 157.107 2332.78
224.893 470.75 2490.9
263.058 573.276 2358.18
-33.4523 -190.286 2419.73
-128.028 145.597 2305.54
-152.714 466.903 2454.36
-184.723 560.06 2330.51
72.2822 -747.943 2329.8
61.0387 -771.239 2184.56
88.4844 -805.183 2211.67
149.635 -801.839 2310.65
40.5024 -803.926 2212.24
-1.81234 -810.274 2324.66
1
41.6848 -188.76 2422.33
47.4331 -351.966 2398.67
51.7246 -480.342 2368.61
68.099 -679.952 2354.08
96.4689 -644.81 2358.02
210.869 -586.424 2326.62
274.927 -358.324 2230.72
257.653 -217.5 2069.81
194.145 -260.645 2024.67
194.393 -160.841 2029.93
172.138 -268.151 2132.66
34.3945 -649.264 2356.88
-74.6107 -621.414 2310.64
-152.527 -401.99 2194
-199.4 -221.946 2081.83
-124.36 -225.281 2022.22
-95.8431 -132.974 2004.42
-97.9198 -207.932 2023.52
125.943 -185.547 2420.64
229.666 158.253 2330.36
224.704 472.212 2493.55
263.031 572.637 2357.65
-34.2945 -191.658 2423.86
-128.929 145.395 2304.48
-152.442 467.438 2458.13
-185.035 560.607 2332.94
74.3373 -753.123 2336.32
64.7407 -772.146 2189.23
87.3614 -809.904 2216.48
145.914 -815.82 2317.9
39.5088 -802.965 2215.75
-6.95946 -806.574 2327.61
1
42.2761 -187.932 2420.6
47.5436 -350.556 2397.07
51.6979 -479.14 2370.18
67.8784 -677.566 2350.43
96.1412 -642.742 2355.77
211.696 -585.922 2327.99
272.576 -357.272 2233.87
270.585 -212.086 2077.03
214.618 -255.283 2023.41
241.173 -166.361 2059.5
179.962 -266.808 2127.24
34.3141 -647.007 2353.54
-74.2725 -618.152 2308.13
-147.243 -400.423 2187.32
-203.175 -219.807 2082
-128.703 -217.082 2022.21
-91.5893 -130.729 1994.92
-102.445 -206.972 2025.93
126.256 -185.196 2420.49
229.523 157.963 2332.9
224.672 471.296 2494.46
263.843 574.511 2361.74
-33.452 -190.399 2420.69
-128.515 146.358 2305.11
-153.72 468.849 2454.42
-184.983 562.311 2329.86
74.2402 -749.96 2330.81
58.4559 -765.237 2184.37
87.3616 -800.353 2208.69
151.945 -801.65 2306.03
39.2342 -799.884 2210.89
0.619044 -813.296 2324.49
1
41.6796 -188.471 2421.65
47.1764 -351.468 2398.24
51.4472 -480.042 2369.95
69.8321 -678.884 2351.94
97.7929 -643.596 2356.63
211.865 -584.042 2327.13
273.402 -356.863 2228.47
260.949 -215.99 2067.6
199.742 -259.553 2020.01
237.422 -174.543 2056.23
173.706 -267.505 2126.92
35.8653 -648.631 2355.14
-73.4565 -620.359 2310.42
-149.997 -402.327 2191.16
-202.761 -222.92 2081.25
-127.683 -222.855 2021.83
-90.4773 -136.41 1994.18
-102.67 -207.835 2023.11
125.836 -185.553 2421.09
230.041 158.517 2334.79
224.872 473.274 2495.25
263.408 572.566 2358.91
-34.2075 -191.102 2422.15
-127.779 147.226 2307.37
-152.241 470.861 2456.2
-184.558 559.869 2328.25
76.8601 -751.549 2332.93
59.7231 -769.648 2186.64
87.5052 -805.313 2211.7
152.647 -806.749 2308.97
39.3344 -803.015 2214.09
0.761328 -812.388 2328.4
1
41.9073 -187.924 2422.04
47.3828 -350.782 2397.7
51.708 -479.414 2369.71
69.5521 -677.986 2348.51
97.6055 -642.86 2353.81
213.016 -584.263 2327.83
273.08 -355.918 2230.99
265.457 -212.783 2071.83
207.036 -256.478 2020.98
248.798 -177.671 2065.73
176.469 -266.488 2126.46
35.6679 -647.691 2352.15
-74.0601 -619.766 2308.22
-147.495 -400.92 2188.52
-203.791 -219.42 2083.94
-130.052 -217.18 2022.91
-87.0054 -135.678 1989.37
-104.478 -206.635 2025.34
126.066 -185.096 2422.04
229.993 158.643 2334.15
225.542 472.321 2496.71
263.46 573.748 2361.78
-33.9819 -190.475 2422.04
-127.591 148.155 2308.21
-152.575 471.635 2457.26
-184.877 559.742 2328.69
76.4016 -750.352 2328.34
66.4462 -782.327 2183.77
93.0783 -815.254 2213.41
153.418 -807.002 2313.39
44.8431 -813.098 2213.25
0.788858 -811.909 2325.94
1
41.8395 -188.754 2423.7
47.5121 -352.806 2400.31
51.9629 -482.193 2371.85
71.8973 -681.935 2351.38
99.7709 -646.301 2356.71
213.033 -582.964 2328.23
275.646 -355.453 2226.84
259.221 -216.247 2063.07
195.973 -260.441 2017.74
246.343 -184.335 2059.64
172.888 -266.466 2126.19
37.4951 -651.755 2354.76
-71.4654 -621.576 2308.33
-147.33 -401.71 2188.4
-199.853 -220.483 2078.63
-125.633 -221.624 2017.19
-86.1809 -136.307 1987.05
-103.063 -206.657 2015.46
126.531 -185.798 2423.51
233.119 159.267 2334.04
223.61 475.21 2496.92
264.121 572.512 2358.33
-34.5306 -191.42 2423.88
-123.709 149.146 2304.73
-154.455 471.969 2459.49
-183.181 560.332 2329
79.5715 -754.773 2331.4
69.8477 -782.888 2185.05
93.903 -818.407 2214.47
153.376 -816.457 2316.16
45.6189 -813.009 2213.64
-0.4055 -811.453 2326.37
1
41.8086 -188.322 2420.22
47.8424 -351.429 2396.73
52.5721 -480.373 2369.7
69.4229 -679.473 2351.16
97.6845 -644.38 2355.87
212.749 -586.024 2327.35
273.211 -359.849 2225.22
270.393 -208.766 2073.15
208.639 -246.681 2021.48
262.983 -181.957 2074.7
179.559 -260.319 2127.04
35.6649 -648.945 2354.5
-73.708 -620.194 2309.93
-144.839 -402.118 2186.98
-200.743 -221.003 2081.14
-129.401 -221.919 2017.16
-86.1787 -141.577 1980.9
-102.883 -211.412 2018.72
126.028 -185.149 2419.82
232.86 159.089 2336.09
224.634 475.02 2494.77
263.858 572.494 2357.13
-34.1355 -191.184 2420.59
-124.323 148.842 2307.11
-153.728 472.06 2456.67
-183.572 560.601 2327.63
75.865 -752.205 2331.94
65.8638 -776.292 2185.72
93.4968 -810.181 2213.37
154.241 -806.032 2313.48
45.1804 -809.226 2213.55
1.72096 -815.46 2326.41
1
41.4228 -188.313 2422.08
47.6267 -351.901 2398.49
52.4591 -480.846 2369.62
70.691 -680.664 2353.76
98.7805 -645.25 2358.42
213.203 -585.67 2328.06
273.461 -357.94 2227.36
269.291 -207.817 2073.47
208.528 -247.468 2021.46
262.922 -183.312 2075.87
178.673 -260.779 2127.16
36.6243 -650.194 2356.28
-71.8055 -620.529 2309.09
-140.397 -402.417 2183.14
-197.907 -220.412 2078.35
-125.859 -220.294 2014.73
-77.5749 -145.113 1973.35
-98.8154 -211.614 2017.52
125.891 -185.042 2421.61
234.411 159.231 2335.31
223.895 474.8 2496.92
264.054 570.273 2357.5
-34.7458 -191.264 2422.51
-124.257 149.543 2307.23
-153.798 473.359 2458.03
-184.656 559.554 2327.07
77.8035 -753.812 2335.49
62.1626 -772.69 2188.55
86.4573 -810.299 2214.78
149.489 -815.69 2313.83
38.4211 -803.958 2216.1
-3.29211 -808.409 2330.1
1
41.1876 -190.107 2422.95
48.5924 -355.069 2401
54.23 -484.684 2370.95
72.0236 -686.072 2356.15
100.43 -650.437 2360.36
214.436 -589.26 2327.55
274.975 -359.487 2226.97
265.935 -208.27 2072.21
203.671 -248.566 2021.39
257.85 -181.447 2073.72
176.44 -262.21 2128.59
37.8019 -655.294 2358.78
-70.3314 -622.725 2310.57
-141.677 -403.515 2184.17
-199.516 -220.918 2077.37
-126.055 -213.461 2014.76
-78.5515 -161.863 1944.65
-96.9316 -213.525 2030.33
126.224 -186.13 2421.75
234.027 161.238 2335.5
224.506 477.905 2500.57
263.795 570.005 2357.14
-35.4935 -193.693 2424.03
-124.637 148.896 2305.24
-154.338 473.451 2460.48
-182.861 557.768 2326.4
78.8687 -759.878 2338.17
74.2557 -773.94 2188.86
96.4426 -812.854 2215.78
152.162 -822.038 2319.81
48.1367 -806.124 2213.67
-2.46829 -813.999 2324.77
1
41.2669 -189.432 2421.1
48.4214 -353.299 2397.99
53.9682 -482.453 2369.27
70.02 -682.703 2352.7
98.5467 -647.556 2357.39
214.264 -589.872 2327.42
275.215 -362.679 2224.95
271.365 -209.84 2073.3
208.511 -247.276 2021.91
264.145 -183.001 2075.19
180.546 -261.627 2128.16
36.2412 -651.831 2355.43
-72.1127 -620.503 2308.66
-141.292 -402.091 2182.75
-196.821 -220.222 2076
-123.797 -213.933 2013.59
-84.916 -161.358 1939.78
-98.6227 -207.93 2021.95
125.838 -185.635 2420.36
233.698 160.278 2337.47
224.732 476.312 2499.43
264.067 571.194 2359.05
-34.9943 -192.856 2421.77
-124.183 148.244 2305.33
-154.02 472.509 2456.38
-183.03 559.203 2325.03
76.2951 -755.974 2334.15
64.0995 -772.76 2186.4
92.6501 -807.866 2211.96
155.256 -808.162 2311.63
44.1185 -807.45 2212.95
2.38485 -819.961 2326.53
1
42.0393 -189.536 2421.07
48.9128 -353.725 2398.89
54.3358 -482.764 2368.99
69.8865 -683.581 2356.7
98.5098 -648.404 2361.04
213.614 -590.249 2329.04
275.094 -363.04 2226.24
276.299 -209.756 2074.65
215.912 -247.666 2020.55
268.784 -182.97 2076.28
183.571 -262.446 2125.62
36.1514 -652.513 2358.37
-70.5668 -619.871 2308.5
-139.772 -402.057 2180.98
-196.358 -220.512 2073.75
-123.716 -212.234 2010.97
-87.4285 -163.367 1933.25
-97.5735 -208.731 2024.9
126.717 -186.01 2421.21
233.728 159.978 2335.77
224.623 475.398 2499.75
264.057 571.415 2359.94
-34.3183 -192.715 2420.94
-123.787 149.084 2305.48
-153.667 473.074 2458.04
-184.217 558.443 2325.96
76.1375 -757.317 2339.71
65.6498 -766.013 2190.97
89.3557 -805.345 2215.42
149.145 -817.359 2316.24
41.1346 -799.319 2215.51
-4.54779 -811.921 2327.7
1
41.8125 -189.296 2420.82
48.6313 -353.474 2398.67
54.0018 -482.482 2368.69
69.2788 -683.279 2356.06
97.9516 -648.147 2360.39
213.02 -590.063 2328.19
273.93 -362.607 2225.66
273.332 -210.22 2073.2
212.873 -248.871 2019.73
265.661 -183.503 2074.73
181.3 -263.238 2125.05
35.5889 -652.175 2357.86
-71.1052 -619.224 2308.17
-139.427 -401.408 2180.23
-194.518 -219.973 2072.09
-122.263 -212.295 2008.8
-87.5139 -164.071 1929.99
-96.6825 -208.359 2021.49
126.482 -185.791 2420.91
232.785 160.057 2334.19
224.7 476.154 2496.84
263.532 571.297 2356.29
-34.538 -192.457 2420.75
-124.436 149.296 2305.62
-154.013 473.091 2458.56
-184.738 559.824 2327.43
75.401 -756.989 2338.95
61.8902 -765.82 2190.48
87.2747 -804.462 2214.32
149.599 -814.823 2313.77
38.9161 -799.858 2215.49
-3.88081 -813.926 2328.62
1
41.6402 -190.353 2420.43
48.6864 -354.67 2398.06
54.2777 -483.94 2368.63
70.6635 -684.85 2355.75
99.1759 -649.529 2360.12
213.876 -591.169 2326.55
276.51 -362.31 2227.55
272.881 -208.824 2075.92
212.723 -248.072 2022.38
264.814 -182.227 2077.67
181.801 -263.661 2127.84
36.7689 -653.899 2357.6
-70.7783 -621.413 2309.14
-139.272 -402.144 2183.22
-190.772 -220.083 2073.9
-119.362 -212.976 2009.44
-86.2375 -165.465 1929.38
-98.7451 -211.3 2015.28
126.396 -186.765 2420.78
233.754 159.834 2336.7
224.515 477.159 2497.71
263.57 571.504 2356.45
-34.7882 -193.588 2420.12
-124.788 149.502 2307.8
-155.8 473.842 2460.2
-183.851 559.871 2327.81
77.1897 -758.584 2338.53
73.8735 -777.332 2190.25
97.0945 -814.508 2218.37
152.314 -818.613 2322.51
48.7797 -809.462 2215.84
-1.96664 -815.542 2326.51
1
41.943 -189.647 2420.39
48.9863 -354.053 2398.04
54.4087 -483.165 2367.6
72.0355 -684.217 2357.2
100.366 -648.634 2360.79
214.302 -589.115 2326.4
278.524 -359.396 2230.11
270.57 -209.51 2074.92
207.694 -249.212 2024.88
262.913 -182.74 2076.34
180.989 -261.84 2131.93
37.9347 -653.456 2359
-69.7298 -620.974 2310.64
-138.866 -402.142 2184.03
-193.23 -220.077 2075.89
-121.708 -213.646 2011.41
-90.8392 -165.949 1930.5
-93.0899 -208.119 2028.85
126.734 -185.917 2419.67
233.453 160.693 2334
224.879 476.092 2499.17
262.167 572.491 2358.72
-34.5167 -193.011 2421.03
-124.466 149.582 2306.54
-153.823 474.224 2459.06
-184.269 558.927 2326.25
78.8833 -758.166 2340.88
64.3201 -768.68 2192.38
89.5753 -807.305 2216.57
152.55 -817.011 2315.89
41.1891 -802.274 2217.99
-1.05957 -814.644 2331.73
1
41.8503 -189.629 2421.82
49.8081 -354.361 2399.71
56.171 -484.025 2370.67
73.5217 -685.175 2355.12
101.948 -649.689 2359.88
216.484 -588.672 2329.29
276.964 -360.886 2224.94
270.161 -209.261 2070.79
210.51 -250.463 2017.78
261.571 -182.713 2072.18
179.969 -265.171 2123.78
39.3998 -654.336 2357.45
-68.5439 -621.111 2309.6
-139.555 -402.05 2183.35
-196.04 -219.69 2075.9
-124.543 -212.88 2011.15
-91.0757 -167.303 1929.81
-97.0537 -207.967 2026.72
126.798 -185.622 2422.54
233.93 161.099 2334.62
224.427 476.863 2500.59
264.17 572.986 2360.19
-34.7512 -193.241 2421.17
-124.407 149.855 2305.54
-154.135 473.81 2461.11
-183.165 559.827 2328.44
80.371 -758.833 2336.89
62.8229 -770.474 2188.5
89.4767 -808.491 2212.37
154.894 -816.32 2310.55
40.9375 -804.491 2214.81
1.3373 -817.189 2329.72
1
44.5927 -191.85 2422.48
51.2021 -357.217 2399.69
56.4133 -487.184 2369.37
67.8549 -689.818 2357.57
97.4439 -654.958 2361.56
214.489 -599.118 2328.37
277.755 -365.737 2236.21
272.315 -203.578 2091.84
220.515 -245.122 2030.83
261.613 -177.82 2094.23
182.171 -269.693 2132.87
34.5275 -657.827 2359.45
-72.9249 -622.16 2311
-139.329 -401.81 2182.33
-194.724 -218.004 2075
-124.451 -212.831 2008.21
-90.9398 -171.622 1924.13
-97.3514 -207.511 2021.95
129.909 -188.456 2422.59
234.057 160.443 2333.39
224.787 476.991 2500.92
263.708 571.882 2358.6
-32.3405 -194.91 2422.37
-124.835 149.22 2307.26
-154.02 474.967 2462.53
-184.045 558.65 2327.82
72.4881 -764.274 2340.66
71.5152 -780.663 2191.09
99.0263 -815.641 2218.78
154.597 -815.242 2323.68
50.1395 -816.171 2216.17
-0.00607711 -830.195 2327.27
1
43.9177 -190.162 2420.62
51.5288 -354.032 2398.06
57.4627 -483.183 2369.61
69.2116 -683.947 2356.88
98.4604 -649.365 2361.16
216.276 -598.347 2327.66
279.337 -364.254 2243.93
268.726 -198.538 2106.93
223.544 -240.843 2042.45
256.126 -173.983 2109.74
182.776 -272.126 2140.54
36.1134 -652.305 2358.75
-71.1429 -619.55 2310.56
-137.404 -401.748 2182.21
-191.545 -220.267 2074.24
-122.993 -214.218 2006.97
-90.8765 -171.064 1924.36
-96.1464 -209.989 2019.79
128.454 -186.166 2420.11
233.711 160.13 2336.03
224.468 476.201 2497.64
264.031 572.823 2358.6
-32.3122 -193.767 2421.08
-123.707 146.785 2305.13
-153.789 470.049 2458
-184.013 560.542 2329.58
74.0125 -757.648 2339.74
68.4014 -778.081 2192.11
94.8306 -813.139 2219.88
152.613 -812.235 2322.38
46.3468 -811.561 2218.54
-0.985859 -820.049 2330.24
1
44.03 -191.564 2421.17
51.6525 -355.656 2397.66
57.4445 -485.299 2370.12
71.1827 -686.293 2356.27
100.162 -651.367 2360.62
217.823 -601.324 2324.14
283.391 -362.835 2254.2
265.487 -193.85 2121.29
229.561 -237.82 2052.02
250.341 -170.821 2124
185.008 -276.992 2145.84
37.706 -654.929 2358.45
-70.2826 -622.956 2310.71
-137.263 -404.047 2183.49
-192.384 -221.566 2076.77
-122.839 -214.201 2010.37
-90.9392 -166.419 1930
-96.6682 -210.745 2022.26
128.708 -187.319 2418.99
233.678 159.975 2335.17
224.303 476.906 2496.76
263.829 572.078 2356.24
-32.3274 -195.392 2423.13
-124.268 145.438 2305.9
-154.119 468.931 2460.12
-183.939 559.621 2331.32
76.6647 -760.009 2338.7
62.5479 -769.337 2190.2
89.2326 -807.222 2213.93
152.467 -815.667 2313.09
40.7262 -804.058 2215.38
-1.00761 -819.337 2328.85
1
43.8183 -191.479 2420.45
51.2917 -355.094 2396.76
57.016 -484.313 2368.95
70.7018 -684.879 2357
99.5928 -650.023 2361.2
217.539 -600.305 2326.55
283.467 -362.95 2255.67
266.48 -195.7 2121.41
234.466 -236.011 2048.42
250.922 -173.107 2124.7
186.447 -280.859 2137.5
37.3192 -653.568 2358.7
-70.1904 -622 2310.47
-137.835 -404.131 2183.28
-194.176 -222.408 2077.13
-124.511 -212.979 2011.5
-86.6558 -167.506 1932.72
-94.0181 -208.506 2030.57
128.283 -187.382 2418.79
233.262 158.77 2334.77
224.33 474.525 2496.54
263.88 573.536 2359.32
-32.3474 -195.174 2421.94
-124.776 144.732 2305.64
-153.873 468.862 2456.34
-183.759 559.943 2328.38
76.2353 -758.549 2340.16
65.2005 -767.618 2191.79
90.6397 -805.85 2216.01
151.397 -815.352 2316.25
42.3073 -801.861 2216.42
-2.00366 -816.371 2328.65
1
44.8287 -192.094 2419.95
51.961 -355.805 2396
57.5801 -484.956 2367.42
70.3836 -685.736 2355.69
99.4487 -650.982 2359.86
217.967 -602.017 2325.74
283.594 -363.613 2257.49
264.521 -195.685 2124.11
235.534 -235.994 2049.79
248.189 -173.631 2127.32
186.79 -283.578 2137.12
37.1169 -654.253 2357.34
-70.6146 -622.297 2309.63
-138.439 -403.248 2184.21
-189.571 -221.43 2075.3
-120.947 -213.948 2008.23
-88.6173 -170.197 1926.01
-100.127 -208.752 2011.7
129.389 -188.4 2419.88
233.277 157.951 2334.18
224.665 474.223 2495.51
263.885 572.78 2357.71
-31.4227 -195.424 2420.01
-124.657 146.335 2309.07
-153.931 471.875 2457.27
-183.689 559.18 2326.54
75.6 -759.501 2338.92
63.4098 -769.927 2190.62
89.7373 -807.551 2214.93
151.573 -815.227 2314.75
41.3141 -804.39 2215.73
-1.78046 -818.793 2328.55
1
47.1241 -192.714 2418.72
53.6839 -356.095 2396.05
58.9191 -485.355 2369.96
73.8084 -685.131 2355.06
102.416 -650.246 2359.7
219.07 -599.219 2323.86
280.278 -365.198 2240.99
269.95 -193.81 2112.24
241.996 -229.148 2035.38
254.309 -171.484 2116.12
189.293 -279.275 2118.44
40.3162 -654.14 2357.29
-66.9357 -622.508 2309.29
-137.139 -405.229 2183.84
-187.91 -225.126 2073.32
-119.887 -213.791 2006.63
-85.7533 -169.653 1925.73
-95.3 -210.016 2016.97
131.427 -189.395 2419.19
233.549 156.798 2335.91
225.369 472.709 2495.46
263.746 573.801 2359.98
-28.8952 -195.708 2418.3
-123.82 145.029 2309.64
-153.974 470.078 2455.96
-183.851 560.218 2327.83
79.7539 -758.325 2337.17
68.0519 -775.304 2189.92
93.6051 -812.057 2215.97
154.704 -816.082 2316.02
45.3895 -808.128 2216.39
1.75008 -816.642 2329.18
1
46.9144 -192.272 2420.69
52.5115 -355.832 2396.03
56.986 -484.723 2366.48
71.4092 -685.298 2355.3
100.171 -650.321 2359.4
218.082 -599.518 2326.2
278.136 -366.112 2238.83
275.195 -194.547 2109.02
244.983 -228.559 2032.14
260.649 -171.404 2112.98
190.225 -276.123 2115.78
37.9094 -654.099 2356.83
-70.3413 -623.326 2309.73
-137.717 -404.972 2183.2
-194.038 -222.815 2077.74
-124.94 -213.489 2011.49
-89.8733 -170.972 1929.81
-97.5279 -207.893 2025.99
131.453 -189.46 2421.23
234.284 156.624 2334.18
225.108 472.674 2495.43
263.693 573.386 2359.15
-29.318 -194.809 2420.21
-123.88 146.008 2308.28
-154.965 470.794 2457.22
-184.055 561.02 2328.46
77.231 -759.016 2338.74
63.3115 -769.33 2190.68
90.6369 -806.485 2214.53
153.864 -813.218 2313.47
42.2082 -804.236 2215.98
0.893713 -819.688 2329.23
1
46.9036 -192.694 2420.97
52.7842 -356.049 2396.7
57.4731 -484.864 2367.75
70.8952 -685.046 2354.03
99.7869 -650.315 2358.54
217.941 -600.142 2326.05
278.193 -365.689 2242.85
274.587 -192.939 2115.18
241.636 -225.411 2038.92
260.584 -169.641 2119.84
188.606 -273.043 2123.4
37.5984 -653.755 2356
-70.7403 -622.075 2310.2
-137.829 -404.483 2183.01
-191.285 -223.397 2074.93
-123.498 -213.874 2007.57
-89.225 -169.458 1926.75
-92.0328 -207.423 2027
131.31 -189.721 2421.42
233.707 155.627 2333.34
225.152 471.467 2493.86
262.416 574.222 2359.08
-29.2092 -195.374 2420.57
-123.598 144.771 2308.3
-154.513 469.495 2456.11
-182.455 560.088 2327.65
76.3336 -758.464 2336.56
62.9091 -768.672 2188.67
89.2985 -806.302 2212.66
151.816 -814.211 2311.75
40.9944 -803.042 2213.87
-1.09702 -817.446 2326.79
1
47.342 -192.66 2420.3
53.1101 -356.015 2396.47
57.7467 -484.975 2368.42
70.4239 -685.129 2354.83
99.4269 -650.522 2359.38
217.759 -601.153 2326.54
276.154 -366.843 2241.95
273.925 -192.082 2117.17
241.784 -224.998 2040.8
259.841 -168.836 2121.6
188.116 -272.339 2125
37.2572 -653.723 2356.71
-70.3935 -622.106 2309.4
-137.775 -404.519 2182.59
-192.123 -223.287 2075.38
-124.178 -213.206 2008.32
-90.6976 -171.236 1925.93
-97.6404 -207.437 2021.18
131.714 -189.791 2421.06
233.405 155.925 2334.26
225.701 471.483 2495.05
262.03 573.804 2359.78
-28.7402 -195.247 2419.62
-124.452 144.818 2308.74
-154.059 469.684 2456.15
-184.007 559.311 2327.54
75.6159 -758.546 2337.41
68.3414 -777.133 2189.98
94.0982 -813.024 2217.07
152.574 -814.628 2318.83
45.7746 -810.3 2216.16
-0.720424 -818.908 2327.87
1
47.1604 -193.478 2419.55
53.2865 -357.102 2395.48
58.0975 -486.284 2367.3
71.0958 -686.777 2353.34
100.095 -652.076 2358.06
218.946 -602.66 2326.16
275.915 -368.395 2239.04
276.08 -193.44 2113.81
245.382 -223.745 2035.59
262.017 -170.259 2118.71
189.546 -273.564 2117.18
37.8205 -655.356 2355.17
-70.0508 -622.86 2308.36
-136.607 -404.363 2181.66
-192.193 -222.092 2076.02
-125.894 -212.626 2006.99
-90.7412 -171.856 1924.47
-97.0453 -207.232 2021.42
131.685 -190.279 2419.31
233.062 156.542 2333.55
225.745 472.295 2495.45
262.173 573.734 2359.13
-29.0588 -196.363 2419.76
-123.955 144.759 2309.08
-154.142 469.487 2458.31
-184.149 561.03 2330.7
76.4489 -760.292 2335.76
71.6129 -776.622 2187.67
97.5092 -812.661 2214.63
154.593 -815.116 2317.41
49.0793 -810.577 2213.02
0.963716 -821.644 2324.09
1
47.272 -192.32 2419.8
53.5565 -355.718 2395.63
58.6604 -484.851 2368.05
71.4539 -685.214 2355.71
100.427 -650.567 2360.45
220.96 -604.323 2330.86
272.759 -374.28 2231.11
279.466 -197.755 2108.75
246.701 -226.822 2031.02
266.379 -173.919 2113.71
189.797 -274.076 2113.24
38.2539 -653.769 2357
-69.363 -622.773 2309
-136.671 -405.129 2181.88
-192.963 -223.564 2075.96
-124.166 -212.841 2009.78
-91.6608 -172.994 1925.88
-97.6349 -204.133 2023.81
131.687 -189.275 2421.16
232.849 156.253 2331.98
224.688 471.384 2494.1
262.566 574.16 2359.45
-28.8486 -195.066 2418.57
-124.017 145.181 2306.96
-153.706 469.106 2456.97
-184.386 560.513 2329.67
76.8479 -758.776 2338.76
68.7283 -777.317 2191.26
94.2269 -813.507 2218.27
153.161 -815.733 2319.84
45.9 -810.254 2217.56
-0.232916 -818.345 2329.55
1
47.0225 -192.776 2418.59
53.1877 -355.97 2394.01
58.1485 -484.684 2365.02
69.8583 -685.071 2355.1
99.0149 -650.539 2359.11
218.976 -603.947 2328.29
274.214 -373.262 2232.51
280.632 -197.472 2109.41
246.569 -229.562 2033.55
267.667 -173.474 2113.64
191.113 -273.409 2118.41
36.8511 -653.478 2356.3
-71.2195 -622.155 2309.83
-137.515 -404.794 2182.17
-192.897 -223.47 2075.74
-125.384 -212.33 2008.44
-90.6089 -172.242 1925.67
-96.5503 -203.934 2024.73
131.37 -189.72 2419.45
233.444 156.137 2334.01
225.234 471.859 2494.28
264.184 574.069 2359.71
-29.0373 -195.532 2417.81
-123.957 145.121 2308.32
-154.213 469.688 2456.08
-182.797 561.238 2328.56
74.7333 -758.801 2339.03
72.8463 -777.763 2191.5
98.3927 -813.068 2219.53
153.392 -813.31 2323.2
50.0922 -811.337 2216.97
0.0304095 -820.719 2327.05
1
47.0475 -192.321 2419.17
53.103 -355.783 2394.76
57.9577 -484.622 2365.46
71.6833 -685.189 2355.91
100.544 -650.304 2359.75
219.271 -600.757 2327.96
280.486 -375.975 2221.41
293.076 -211.34 2083.69
232.389 -233.229 2022
283.705 -175.975 2086.21
191.338 -264.397 2114.44
38.3142 -653.885 2357.18
-70.201 -624.677 2309.91
-137.132 -406.642 2182.97
-193.01 -224.76 2077.12
-124.884 -213.466 2010.27
-89.3583 -170.269 1929.24
-96.7723 -207.753 2025.36
131.518 -189.294 2419.86
234.298 156.765 2333.78
225.272 472.654 2494.8
263.458 573.199 2358.45
-29.1236 -195.05 2418.55
-123.919 146.131 2308.81
-153.762 471.212 2456.76
-183.625 561.415 2328.3
77.2545 -759.006 2339.97
69.9926 -769.589 2191.56
95.9829 -806.812 2216.68
154.591 -813.654 2318.32
47.586 -804.293 2215.93
1.13761 -819.234 2327.16
1
47.1063 -192.334 2418.6
52.8216 -356.018 2393.76
57.4574 -485.147 2364.73
71.6748 -686.037 2355.81
100.489 -651.023 2359.7
219.08 -600.913 2327.39
281.068 -375.366 2221.9
290.85 -214.287 2079.29
227.957 -233.411 2018.69
282.547 -178.217 2082.25
188.589 -263.085 2114.56
38.1797 -654.749 2356.82
-70.0123 -625.321 2308.45
-137.031 -405.837 2183.19
-191.959 -222.881 2077.97
-124.706 -210.382 2010.22
-88.8005 -170.116 1927.67
-97.4394 -203.373 2023.98
131.718 -189.552 2419.74
234.225 156.791 2331.89
224.918 472.639 2494.24
263.512 573.205 2357.65
-29.1921 -194.842 2417.57
-123.646 147.414 2308.85
-154.065 471.837 2459.51
-184.174 560.095 2329.44
77.4904 -760.007 2340.07
69.0924 -770.059 2191.44
94.8879 -807.702 2216.32
154.203 -815.513 2317.69
46.4385 -804.65 2215.9
0.511959 -819.46 2327.58
1
47.1327 -192.532 2418.13
53.2598 -355.307 2392.44
58.0298 -483.615 2362.53
72.1124 -683.608 2353.87
100.838 -648.739 2357.26
218.419 -598.827 2323.46
277.485 -367.743 2232.04
283.93 -193.613 2107.15
242.294 -227.578 2036.2
272.413 -168.925 2111.22
192.557 -264.759 2127.34
38.7779 -652.469 2355.27
-69.6145 -623.557 2308.46
-137.552 -406.489 2181.96
-194.211 -225.423 2076.43
-125.925 -211.304 2010.69
-85.4476 -167.208 1932.87
-92.313 -204.087 2035.45
131.35 -189.279 2417.61
234.054 156.602 2335.47
224.485 471.453 2496.22
263.92 570.691 2359.9
-28.8096 -195.464 2418.6
-123.649 145.133 2310.74
-153.887 470.556 2455.29
-183.325 560.519 2327.14
77.7024 -757.274 2338.27
65.9975 -768.076 2190.6
93.1226 -804.849 2214.86
154.756 -810.857 2314.34
44.8398 -802.918 2215.61
2.17582 -818.248 2327.91
1
46.0739 -194.678 2417.84
53.0704 -359.04 2393.35
58.5982 -488.568 2363.82
73.4289 -690.222 2354.76
102.272 -654.983 2358.55
220.78 -603.041 2326.62
279.109 -374.393 2223.24
291.332 -206.118 2088
229.388 -230.062 2027.6
282.086 -171.832 2090.68
191.284 -259.163 2124.91
39.7111 -658.908 2355.93
-69.1318 -628.057 2308.67
-136.765 -406.96 2184.38
-193.219 -222.525 2080.74
-125.65 -213.489 2012.21
-90.6741 -171.791 1929.49
-96.7977 -207.948 2027.15
131.004 -191.08 2417.96
234.219 157.131 2331.99
224.912 472.534 2498.3
262.309 573.623 2360.87
-30.5115 -197.922 2417.74
-124.216 145.456 2306.8
-154.084 470.673 2459.3
-184.205 560.186 2329.3
79.4186 -764.47 2338.93
70.6933 -762.14 2189.39
95.4108 -802.618 2211.15
154.685 -820.535 2311.82
46.8842 -798.034 2211.1
0.324734 -820.538 2321.76
1
46.093 -194.592 2417.81
53.0854 -358.94 2393.29
58.6097 -488.436 2363.65
73.4064 -690.069 2354.3
102.254 -654.843 2358.14
220.818 -602.921 2326.42
279.618 -374.045 2223.84
292.633 -205.05 2089.59
231.607 -229.282 2028.38
285.223 -174.511 2093.74
193.625 -256.772 2129.32
39.6954 -658.753 2355.5
-69.1177 -627.8 2308.26
-136.642 -406.501 2184.3
-193.051 -221.892 2080.96
-125.651 -212.486 2012.33
-91.2535 -170.288 1929.63
-96.5738 -206.689 2027.5
131.019 -190.997 2417.94
234.25 157.179 2331.93
225.205 472.785 2497.83
262.756 573.289 2360.03
-30.4886 -197.834 2417.71
-124.222 145.569 2306.94
-154.021 470.679 2459.64
-183.976 560.407 2329.75
79.3849 -764.291 2338.35
69.9161 -761.638 2188.87
94.8113 -802.119 2210.42
154.611 -820.158 2310.74
46.2794 -797.621 2210.62
0.310245 -820.458 2321.45
1
46.0933 -194.591 2417.81
53.0859 -358.938 2393.29
58.6105 -488.435 2363.65
73.4081 -690.067 2354.3
102.255 -654.841 2358.14
220.82 -602.918 2326.42
279.621 -374.042 2223.84
292.641 -205.044 2089.6
231.619 -229.276 2028.39
285.241 -174.525 2093.76
193.631 -256.769 2129.32
39.6971 -658.751 2355.5
-69.1158 -627.798 2308.26
-136.64 -406.5 2184.3
-193.049 -221.891 2080.96
-125.65 -212.485 2012.32
-91.2535 -170.288 1929.62
-96.5727 -206.686 2027.5
131.019 -190.995 2417.94
234.25 157.181 2331.93
225.204 472.786 2497.83
262.756 573.29 2360.03
-30.4882 -197.833 2417.71
-124.222 145.569 2306.94
-154.023 470.681 2459.63
-183.977 560.406 2329.75
79.3871 -764.289 2338.35
69.9222 -761.635 2188.87
94.8184 -802.116 2210.42
154.616 -820.152 2310.74
46.2864 -797.62 2210.61
0.315264 -820.459 2321.45
1
46.0933 -194.591 2417.81
53.0859 -358.938 2393.29
58.6105 -488.435 2363.65
73.4081 -690.067 2354.3
102.255 -654.841 2358.14
220.82 -602.918 2326.42
279.621 -374.042 2223.84
292.641 -205.044 2089.6
231.619 -229.276 2028.39
285.241 -174.525 2093.76
193.631 -256.769 2129.32
39.6971 -658.751 2355.5
-69.1158 -627.798 2308.26
-136.64 -406.5 2184.3
-193.049 -221.891 2080.96
-125.65 -212.485 2012.32
-91.2535 -170.288 1929.62
-96.5727 -206.686 2027.5
131.019 -190.995 2417.94
234.25 157.181 2331.93
225.204 472.786 2497.83
262.756 573.29 2360.03
-30.4882 -197.833 2417.71
-124.222 145.569 2306.94
-154.023 470.681 2459.63
-183.977 560.406 2329.75
79.3871 -764.289 2338.35
69.9222 -761.635 2188.87
94.8184 -802.116 2210.42
154.616 -820.152 2310.74
46.2864 -797.62 2210.61
0.315264 -820.459 2321.45
1
46.0933 -194.591 2417.81
53.0859 -358.938 2393.29
58.6105 -488.435 2363.65
73.4081 -690.067 2354.3
102.255 -654.841 2358.14
220.82 -602.918 2326.42
279.621 -374.042 2223.84
292.641 -205.044 2089.6
231.619 -229.276 2028.39
285.241 -174.525 2093.76
193.631 -256.769 2129.32
39.6971 -658.751 2355.5
-69.1158 -627.798 2308.26
-136.64 -406.5 2184.3
-193.049 -221.891 2080.96
-125.65 -212.485 2012.32
-91.2535 -170.288 1929.62
-96.5727 -206.686 2027.5
131.019 -190.995 2417.94
234.25 157.181 2331.93
225.204 472.786 2497.83
262.756 573.29 2360.03
-30.4882 -197.833 2417.71
-124.222 145.569 2306.94
-154.023 470.681 2459.63
-183.977 560.406 2329.75
79.3871 -764.289 2338.35
69.9222 -761.635 2188.87
94.8184 -802.116 2210.42
154.616 -820.152 2310.74
46.2864 -797.62 2210.61
0.315264 -820.459 2321.45
1
46.0933 -194.591 2417.81
53.0859 -358.938 2393.29
58.6105 -488.435 2363.65
73.4081 -690.067 2354.3
102.255 -654.841 2358.14
220.82 -602.918 2326.42
279.621 -374.042 2223.84
292.641 -205.044 2089.6
231.619 -229.276 2028.39
285.241 -174.525 2093.76
193.631 -256.769 2129.32
39.6971 -658.751 2355.5
-69.1158 -627.798 2308.26
-136.64 -406.5 2184.3
-193.049 -221.891 2080.96
-125.65 -212.485 2012.32
-91.2535 -170.288 1929.62
-96.5727 -206.686 2027.5
131.019 -190.995 2417.94
234.25 157.181 2331.93
225.204 472.786 2497.83
262.756 573.29 2360.03
-30.4882 -197.833 2417.71
-124.222 145.569 2306.94
-154.023 470.681 2459.63
-183.977 560.406 2329.75
79.3871 -764.289 2338.35
69.9222 -761.635 2188.87
94.8184 -802.116 2210.42
154.616 -820.152 2310.74
46.2864 -797.62 2210.61
0.315264 -820.459 2321.45
1
46.0933 -194.591 2417.81
53.0859 -358.938 2393.29
58.6105 -488.435 2363.65
73.4081 -690.067 2354.3
102.255 -654.841 2358.14
220.82 -602.918 2326.42
279.621 -374.042 2223.84
292.641 -205.044 2089.6
231.619 -229.276 2028.39
285.241 -174.525 2093.76
193.631 -256.769 2129.32
39.6971 -658.751 2355.5
-69.1158 -627.798 2308.26
-136.64 -406.5 2184.3
-193.049 -221.891 2080.96
-125.65 -212.485 2012.32
-91.2535 -170.288 1929.62
-96.5727 -206.686 2027.5
131.019 -190.995 2417.94
234.25 157.181 2331.93
225.204 472.786 2497.83
262.756 573.29 2360.03
-30.4882 -197.833 2417.71
-124.222 145.569 2306.94
-154.023 470.681 2459.63
-183.977 560.406 2329.75
79.3871 -764.289 2338.35
69.9222 -761.635 2188.87
94.8184 -802.116 2210.42
154.616 -820.152 2310.74
46.2864 -797.62 2210.61
0.315264 -820.459 2321.45
1
46.0933 -194.591 2417.81
53.0859 -358.938 2393.29
58.6105 -488.435 2363.65
73.4081 -690.067 2354.3
102.255 -654.841 2358.14
220.82 -602.918 2326.42
279.621 -374.042 2223.84
292.641 -205.044 2089.6
231.619 -229.276 2028.39
285.241 -174.525 2093.76
193.631 -256.769 2129.32
39.6971 -658.751 2355.5
-69.1158 -627.798 2308.26
-136.64 -406.5 2184.3
-193.049 -221.891 2080.96
-125.65 -212.485 2012.32
-91.2535 -170.288 1929.62
-96.5727 -206.686 2027.5
131.019 -190.995 2417.94
234.25 157.181 2331.93
225.204 472.786 2497.83
262.756 573.29 2360.03
-30.4882 -197.833 2417.71
-124.222 145.569 2306.94
-154.023 470.681 2459.63
-183.977 560.406 2329.75
79.3871 -764.289 2338.35
69.9222 -761.635 2188.87
94.8184 -802.116 2210.42
154.616 -820.152 2310.74
46.2864 -797.62 2210.61
0.315264 -820.459 2321.45
1
46.1611 -194.388 2417.67
53.1724 -358.697 2393.06
58.7135 -488.128 2363.23
73.5393 -689.706 2353.43
102.374 -654.491 2357.39
220.966 -602.517 2325.94
280.09 -373.442 2224.09
293.878 -203.743 2090.87
233.78 -227.967 2028.77
288.193 -176.893 2096.4
194.66 -256.203 2129.03
39.829 -658.401 2354.68
-68.8351 -627.268 2307.26
-135.623 -405.853 2183.19
-191.279 -221.168 2079.65
-124.136 -211.5 2010.82
-90.4799 -169.11 1927.93
-95.188 -205.479 2025.68
131.074 -190.786 2417.82
234.288 157.372 2331.96
225.336 473.005 2497.7
263.02 573.219 2359.76
-30.4086 -197.635 2417.54
-124.126 145.792 2307.03
-153.973 470.798 2459.81
-183.684 560.4 2329.81
79.5427 -763.88 2337.33
70.834 -759.008 2187.88
95.6286 -799.793 2208.95
154.914 -819.303 2309.28
47.1023 -795.311 2208.97
0.585023 -819.8 2319.19
1
46.433 -196.144 2416.95
53.9515 -360.685 2392.21
59.9246 -490.577 2363.52
74.4437 -692.419 2352
103.418 -657.195 2355.71
220.528 -603.906 2320.25
278.773 -370.425 2227.22
286.035 -194.377 2101.35
244.607 -230.17 2030.05
274.185 -169.407 2104.95
194.088 -266.465 2122.48
40.7296 -661.049 2354.04
-68.1285 -630.178 2306.38
-137.052 -408.562 2182.93
-195.072 -223.631 2080.38
-129.14 -209.637 2010.91
-93.9469 -166.911 1928.64
-95.2758 -199.725 2033.45
131.474 -192.311 2417.3
233.774 156.563 2330.62
225.341 472.348 2497.34
263.645 573.989 2360.25
-30.2521 -199.601 2416.63
-124.532 145.544 2309.96
-154.383 472.544 2459.85
-183.182 559.077 2327.27
80.1204 -766.599 2335.23
74.3722 -764.664 2185.33
98.4651 -805.268 2207.72
155.71 -823.231 2309.74
49.9055 -800.414 2206.69
0.964565 -822.368 2316.63
1
47.02 -196.715 2415.33
54.6471 -360.866 2390.87
60.6669 -490.392 2362.1
74.2145 -691.925 2353.38
103.28 -656.875 2356.55
219.973 -603.522 2321.08
277.125 -369.374 2230.9
282.286 -193.237 2106
247.228 -224.539 2029.63
269.374 -169.112 2110.65
192.046 -269.399 2115.06
40.7319 -660.456 2355.04
-68.0477 -628.953 2308.43
-136.337 -408.698 2183.62
-193.364 -224.964 2079.55
-130.09 -208.012 2008.62
-94.2039 -167.969 1925.61
-95.4859 -195.41 2031.79
131.841 -192.776 2415.34
233.836 156.444 2333.94
225.6 473.452 2496.35
262.078 572.858 2357.71
-29.4664 -200.267 2415.32
-124.31 144.836 2312.39
-153.888 472.737 2458.1
-184.19 559.292 2326.37
79.5121 -766.167 2337.67
83.2013 -748.935 2189.07
106.821 -791.048 2208.7
157.817 -818.251 2311.64
58.4372 -787.072 2205
3.36917 -821.112 2308.41
1
46.9139 -191.493 2415.16
53.9688 -351.886 2385.99
59.579 -479.837 2361.19
73.1576 -675.914 2332.89
101.661 -641.924 2339.38
222.056 -597.706 2313.97
278.82 -367.722 2225.82
281.035 -193.17 2105.28
248.256 -222.705 2029.06
267.764 -169.854 2110.26
193.934 -270.065 2111.03
40.2298 -645.377 2337.66
-71.3609 -621.616 2299.56
-138.476 -404.346 2178.67
-194.552 -223.1 2077.9
-128.624 -208.471 2011.32
-93.792 -167.735 1930.3
-100.524 -199.704 2027.19
130.219 -187.651 2414.19
232.342 154.891 2334.75
225.691 468.623 2489.62
262.601 576.31 2361.55
-28.2056 -194.956 2416.04
-122.349 142.053 2309.51
-154.283 464.149 2451.92
-183.808 562.318 2332.15
78.4378 -746.92 2310.25
83.8886 -762.813 2164.24
106.9 -798.764 2192.51
155.738 -802.153 2297.62
59.4223 -795.964 2187.52
4.09874 -806.233 2293.32
1
49.252 -196.472 2418.65
56.3798 -361.347 2393.07
61.8692 -490.916 2361.36
73.9676 -693.589 2352.58
103.439 -658.585 2355.93
221.988 -606.193 2322.65
279.082 -374.534 2222.73
289.006 -202.649 2090.47
239.818 -224.927 2018.3
276.903 -170.579 2095.12
189.548 -265.37 2109.32
40.5487 -661.7 2354.1
-68.6768 -630.424 2306.71
-137.981 -407.441 2184.47
-196.225 -221.391 2082.84
-128.472 -208.84 2014.5
-91.4838 -170.125 1930.73
-100.452 -200.446 2029.32
134.514 -192.659 2417.82
233.858 158.087 2331.01
225.999 473.741 2500.01
263.266 573.225 2360.49
-27.6329 -199.911 2419.39
-124.632 143.081 2305.05
-153.746 469.789 2457.98
-184.453 560.279 2327.98
78.794 -768.248 2336.79
73.2815 -769.101 2186.48
102.777 -805.772 2209.5
161.798 -814.308 2312.1
53.8883 -807.715 2208.34
8.00235 -834.865 2318.79
1
48.7832 -195.24 2415.83
55.6714 -358.562 2390.57
61.0057 -487.1 2359.98
73.8147 -687.797 2351.4
102.863 -653.003 2354.67
220.628 -602.718 2320.48
277.04 -370.921 2227.04
286.952 -196.244 2102.01
249.599 -226.149 2026.64
275.07 -171.667 2106.76
194.406 -268.538 2112.64
40.5845 -656.347 2352.9
-67.9729 -626.807 2305.9
-136.648 -407.082 2182.79
-194.028 -223.788 2080.17
-131.351 -206.42 2009.39
-94.6351 -168.544 1926.24
-100.263 -195.205 2027.17
133.24 -191.572 2415.15
233.18 155.99 2331.61
225.926 471.225 2494.1
263.146 573.442 2358.69
-27.3749 -198.548 2416.45
-124.73 142.153 2307.3
-153.61 467.498 2454.97
-182.972 560.069 2328.06
78.8925 -761.734 2335.8
64.7299 -760.527 2187.49
92.9205 -798.832 2208.26
156.563 -812.022 2306.19
44.4869 -797.772 2209.94
3.90989 -823.086 2321.61
124 frames are tracked
